737 1748 135
N 0 -22.995852 -43.594071 -1
N 1 -22.987924 -43.562272 128
N 2 -22.986818 -43.564298 -1
N 3 -22.984741 -43.569083 0,117
N 4 -22.985051 -43.571860 134
N 5 -22.974406 -43.589408 130,132,118
N 6 -22.988631 -43.592739 96,132,29
N 7 -22.974227 -43.590691 118,132,30
N 8 -22.969236 -43.593012 -1
N 9 -22.969459 -43.591304 -1
N 10 -22.969007 -43.586960 122
N 11 -22.990976 -43.593722 96,129,85
N 12 -22.969426 -43.588670 130,31
N 13 -22.973976 -43.592468 132,118
N 14 -22.969397 -43.590173 -1
N 15 -22.969093 -43.596049 -1
N 16 -22.969490 -43.581669 114
N 17 -22.978376 -43.580466 133,134
N 18 -22.968908 -43.578153 -1
N 19 -22.978282 -43.578889 133,134
N 20 -22.969262 -43.584055 86,119
N 21 -22.979793 -43.585014 123,131
N 22 -22.979757 -43.583839 32,97,131,87
N 23 -22.980353 -43.586872 1,123,131
N 24 -22.978677 -43.581259 133,134
N 25 -22.978181 -43.576419 133,134
N 26 -22.978302 -43.577643 133,134
N 27 -22.987904 -43.596121 -1
N 28 -22.991138 -43.597494 -1
N 29 -22.996328 -43.589901 125,134
N 30 -22.989805 -43.596931 33,34,129,132
N 31 -22.992238 -43.595186 -1
N 32 -22.992228 -43.562070 2
N 33 -22.994005 -43.593562 35,3,125
N 34 -22.988343 -43.593529 96,132,36
N 35 -22.991946 -43.595998 -1
N 36 -22.990685 -43.594520 96,129,36
N 37 -22.989570 -43.577600 134
N 38 -22.990392 -43.595330 129,36,37
N 39 -22.988050 -43.594312 132,36,37
N 40 -22.989541 -43.597633 129,132
N 41 -22.987751 -43.596877 -1
N 42 -22.993184 -43.597747 109
N 43 -22.970242 -43.609291 38
N 44 -22.973836 -43.607807 40,39
N 45 -22.971089 -43.607343 41,42
N 46 -22.972731 -43.607617 43,44
N 47 -22.972189 -43.607512 43,45
N 48 -22.969128 -43.609114 46,47
N 49 -22.968535 -43.608996 46
N 50 -22.974387 -43.607908 40,4
N 51 -22.973280 -43.607731 44,39
N 52 -22.970519 -43.607241 48,41,38
N 53 -22.969414 -43.607062 49,50,46,47
N 54 -22.968307 -43.606871 51
N 55 -22.975778 -43.608149 -1
N 56 -22.968858 -43.606965 49,51,46
N 57 -22.973295 -43.603795 -1
N 58 -22.970812 -43.605201 48,41
N 59 -22.969420 -43.603017 -1
N 60 -22.969950 -43.607156 48,50,38,47
N 61 -22.971885 -43.605376 42,45
N 62 -22.971608 -43.603570 -1
N 63 -22.970504 -43.603341 -1
N 64 -22.970263 -43.605103 48,50
N 65 -22.972476 -43.605479 43,45
N 66 -22.974133 -43.605774 40,39
N 67 -22.969156 -43.604920 49,51
N 68 -22.973032 -43.605581 43,44
N 69 -22.968588 -43.604822 51
N 70 -22.972751 -43.603481 -1
N 71 -22.971375 -43.605283 41,42
N 72 -22.971049 -43.603396 -1
N 73 -22.994072 -43.597007 98,109,95
N 74 -22.993465 -43.609088 52
N 75 -22.994048 -43.597220 98,99,95
N 76 -22.994403 -43.596318 109
N 77 -22.993997 -43.598891 5
N 78 -22.972776 -43.589137 118,110,130
N 79 -23.004615 -43.560767 -1
N 80 -23.004823 -43.560719 -1
N 81 -22.991149 -43.599795 100
N 82 -22.991442 -43.599768 -1
N 83 -22.992583 -43.597788 100,126
N 84 -22.993189 -43.594756 129,85,111
N 85 -22.993326 -43.594167 35,85,111
N 86 -22.993476 -43.595037 129,53,111
N 87 -22.994026 -43.594791 54,111
N 88 -22.994027 -43.594330 3,111
N 89 -22.994676 -43.595513 126
N 90 -22.996037 -43.594333 -1
N 91 -22.999550 -43.582536 -1
N 92 -22.999383 -43.582875 -1
N 93 -22.999544 -43.582906 -1
N 94 -22.999676 -43.581624 -1
N 95 -22.999834 -43.581669 -1
N 96 -22.977160 -43.575054 133,134
N 97 -22.975909 -43.575144 133,55
N 98 -22.974966 -43.574641 133
N 99 -22.972545 -43.574481 133
N 100 -22.969629 -43.580547 114
N 101 -22.969301 -43.588603 31
N 102 -22.969414 -43.588588 122,130,31
N 103 -22.977635 -43.589659 56,57,130
N 104 -22.980128 -43.587637 88,130,115
N 105 -22.980268 -43.587297 88,89,115
N 106 -22.980649 -43.587217 89,90,115
N 107 -22.980835 -43.587357 115,101,6
N 108 -22.980866 -43.587848 115,132,127
N 109 -22.980269 -43.587956 130,115,132
N 110 -22.980899 -43.587482 115,6,127
N 111 -22.981466 -43.587798 101,6,127
N 112 -22.981914 -43.588099 58,101,127
N 113 -22.980368 -43.587013 88,1,131,89
N 114 -22.980434 -43.587022 89,90,7
N 115 -22.985417 -43.590688 8,59,127
N 116 -22.983673 -43.589342 60,61,127
N 117 -22.982524 -43.588498 58,62,127
N 118 -22.987944 -43.593375 -1
N 119 -22.987607 -43.594141 -1
N 120 -22.987276 -43.592171 132,29,127
N 121 -22.987324 -43.591944 134,8,9,29,127
N 122 -22.987590 -43.563029 128
N 123 -22.968454 -43.583664 -1
N 124 -22.969174 -43.585311 119
N 125 -22.969283 -43.583841 86
N 126 -22.969343 -43.583156 114,86
N 127 -22.969366 -43.586335 122,119
N 128 -22.969352 -43.583084 114
N 129 -22.969542 -43.571095 -1
N 130 -22.969714 -43.569188 -1
N 131 -22.969725 -43.569000 -1
N 132 -22.969797 -43.568134 -1
N 133 -22.970052 -43.571154 -1
N 134 -22.970150 -43.585223 -1
N 135 -22.970564 -43.586685 -1
N 136 -22.970645 -43.573258 -1
N 137 -22.971446 -43.586870 -1
N 138 -22.971939 -43.579316 114,133
N 139 -22.972524 -43.584920 -1
N 140 -22.972559 -43.584298 -1
N 141 -22.972583 -43.585227 -1
N 142 -22.972708 -43.582920 114,133,86
N 143 -22.972862 -43.583773 102,133,86,119
N 144 -22.972963 -43.584364 102,119
N 145 -22.973039 -43.584858 112,102,119
N 146 -22.973089 -43.585146 112,119
N 147 -22.973206 -43.572508 -1
N 148 -22.973208 -43.585902 112,122,119
N 149 -22.973519 -43.582728 -1
N 150 -22.973337 -43.586676 112,122
N 151 -22.973365 -43.583653 133,102,63
N 152 -22.973462 -43.584772 112,124,102
N 153 -22.973434 -43.584273 124,102,63
N 154 -22.973788 -43.589227 64,122,130
N 155 -22.974037 -43.566193 -1
N 156 -22.974156 -43.589287 64,130,124
N 157 -22.974224 -43.584604 -1
N 158 -22.974278 -43.571389 -1
N 159 -22.974493 -43.572502 -1
N 160 -22.974482 -43.572631 -1
N 161 -22.976371 -43.572623 -1
N 162 -22.976456 -43.571578 -1
N 163 -22.985398 -43.567146 -1
N 164 -22.985760 -43.567495 -1
N 165 -22.986384 -43.567450 103
N 166 -22.987656 -43.567806 103
N 167 -22.987738 -43.567793 -1
N 168 -22.990041 -43.565997 10,103
N 169 -22.990319 -43.567958 11,103
N 170 -22.993361 -43.607621 104
N 171 -22.993538 -43.608577 104,52
N 172 -22.993624 -43.609072 52
N 173 -22.993529 -43.607451 104
N 174 -22.994056 -43.602555 -1
N 175 -22.998745 -43.604624 -1
N 176 -22.998760 -43.604935 105
N 177 -22.998876 -43.605552 105
N 178 -22.998924 -43.604609 12
N 179 -22.999052 -43.605703 -1
N 180 -22.999455 -43.606682 105,13
N 181 -22.999532 -43.605892 -1
N 182 -22.999722 -43.606071 65,105
N 183 -22.999826 -43.606174 65,13,105
N 184 -23.000039 -43.606394 65,13
N 185 -23.000140 -43.605470 65,105
N 186 -23.004053 -43.601876 -1
N 187 -22.973425 -43.596854 -1
N 188 -22.973751 -43.594205 -1
N 189 -22.974906 -43.594437 14
N 190 -22.974994 -43.593815 14
N 191 -22.975723 -43.593960 -1
N 192 -22.976150 -43.597364 -1
N 193 -22.976870 -43.596116 -1
N 194 -22.977384 -43.595485 132
N 195 -22.993506 -43.609318 -1
N 196 -22.968324 -43.602672 -1
N 197 -22.992373 -43.594138 125,66,35,85
N 198 -22.993662 -43.597729 99,106,67
N 199 -22.993477 -43.594080 35,3,111
N 200 -22.999304 -43.583008 -1
N 201 -22.999350 -43.583021 91
N 202 -22.999506 -43.583065 91
N 203 -22.999548 -43.583077 -1
N 204 -22.989160 -43.592953 96,9,68,29
N 205 -22.989584 -43.591834 9,68,134
N 206 -22.989957 -43.593282 96,66,68,85
N 207 -22.990465 -43.591803 66,68,134
N 208 -22.981519 -43.585402 123,116,134
N 209 -22.983144 -43.586469 -1
N 210 -22.982442 -43.586960 116,134
N 211 -22.982853 -43.586095 -1
N 212 -22.982166 -43.586505 116,134
N 213 -22.982681 -43.583689 123,134
N 214 -22.981239 -43.583208 97,87,15
N 215 -22.982002 -43.586218 116,134
N 216 -22.982405 -43.585986 -1
N 217 -22.981354 -43.586728 -1
N 218 -22.980765 -43.587283 90,115,101
N 219 -22.979807 -43.584741 97,123,131
N 220 -22.982641 -43.583571 97,123,134
N 221 -22.981082 -43.582343 134,87,15
N 222 -22.979602 -43.583060 32,131,134,87
N 223 -22.982034 -43.582878 97,134,15
N 224 -22.986871 -43.574404 120,134
N 225 -22.990097 -43.596140 33,34,129,37
N 226 -22.991565 -43.596775 -1
N 227 -22.990872 -43.597387 -1
N 228 -22.990729 -43.597760 -1
N 229 -22.986975 -43.578113 -1
N 230 -22.987958 -43.575943 120,134
N 231 -22.986544 -43.577092 120,134
N 232 -22.988233 -43.576353 134
N 233 -22.987418 -43.576591 120,134
N 234 -22.987085 -43.576200 -1
N 235 -22.987203 -43.576820 120,134
N 236 -22.986682 -43.576294 -1
N 237 -22.986763 -43.577503 -1
N 238 -22.987057 -43.577563 -1
N 239 -22.987490 -43.577557 -1
N 240 -22.992274 -43.580874 121
N 241 -22.992254 -43.579051 -1
N 242 -22.993989 -43.577879 -1
N 243 -22.993015 -43.578310 -1
N 244 -22.992038 -43.576372 -1
N 245 -22.992336 -43.578927 -1
N 246 -22.993391 -43.579033 -1
N 247 -22.993323 -43.577898 -1
N 248 -22.992398 -43.576115 -1
N 249 -22.992703 -43.577690 -1
N 250 -22.993097 -43.577449 -1
N 251 -22.994926 -43.576324 -1
N 252 -22.993682 -43.577644 -1
N 253 -22.993461 -43.577211 -1
N 254 -22.992759 -43.575845 -1
N 255 -22.994038 -43.577413 -1
N 256 -22.993826 -43.576994 -1
N 257 -22.993118 -43.575598 -1
N 258 -22.994369 -43.577092 -1
N 259 -22.994197 -43.576781 -1
N 260 -22.993485 -43.575370 -1
N 261 -22.994754 -43.576973 -1
N 262 -22.994559 -43.576550 -1
N 263 -22.993856 -43.575158 -1
N 264 -22.995124 -43.576705 -1
N 265 -22.994238 -43.574956 -1
N 266 -22.989931 -43.577869 134
N 267 -22.990299 -43.576887 -1
N 268 -22.990173 -43.578058 134
N 269 -22.989704 -43.578995 -1
N 270 -22.989797 -43.578276 -1
N 271 -22.990034 -43.578615 -1
N 272 -22.988975 -43.579411 -1
N 273 -22.990757 -43.578800 134
N 274 -22.989180 -43.580497 -1
N 275 -22.992780 -43.581431 121,134
N 276 -22.993990 -43.582702 134
N 277 -22.995437 -43.581570 -1
N 278 -22.994721 -43.583638 134
N 279 -22.996775 -43.582869 -1
N 280 -22.993412 -43.588198 -1
N 281 -22.992322 -43.592834 125,134
N 282 -22.993506 -43.592318 125,134
N 283 -22.989061 -43.581848 107,134
N 284 -22.989793 -43.581659 -1
N 285 -22.988538 -43.583380 107,134
N 286 -22.985938 -43.581417 -1
N 287 -22.980230 -43.586547 123,131
N 288 -22.979367 -43.586825 -1
N 289 -22.979115 -43.585159 -1
N 290 -22.978285 -43.585347 -1
N 291 -22.979273 -43.586211 -1
N 292 -22.978488 -43.586350 -1
N 293 -22.979664 -43.586130 -1
N 294 -22.978637 -43.586324 -1
N 295 -22.978550 -43.585669 -1
N 296 -22.979298 -43.583919 32,131,69
N 297 -22.978715 -43.584792 16,131
N 298 -22.979029 -43.584739 16,131,69
N 299 -22.978665 -43.583520 16,131,69
N 300 -22.978330 -43.584888 -1
N 301 -22.978953 -43.583440 32,131,69
N 302 -22.979156 -43.582238 131,133,134
N 303 -22.975749 -43.589600 130,131,124
N 304 -22.975109 -43.585788 131,124
N 305 -22.974610 -43.583367 131,133,63
N 306 -22.974166 -43.581737 -1
N 307 -22.975353 -43.589591 130,132
N 308 -22.975209 -43.590580 -1
N 309 -22.975763 -43.589668 130,132
N 310 -22.977693 -43.589762 130,132
N 311 -22.976162 -43.591959 -1
N 312 -22.974124 -43.591569 118,132,30
N 313 -22.973855 -43.593373 -1
N 314 -22.973296 -43.593298 70
N 315 -22.973635 -43.593346 17,18
N 316 -22.973533 -43.593970 18
N 317 -22.973436 -43.593322 17,18
N 318 -22.973967 -43.592517 118
N 319 -22.972430 -43.591627 118
N 320 -22.973069 -43.591737 -1
N 321 -22.973123 -43.591359 -1
N 322 -22.972601 -43.590637 118,110
N 323 -22.973226 -43.590740 -1
N 324 -22.972978 -43.590701 -1
N 325 -22.973265 -43.590245 -1
N 326 -22.972500 -43.591251 118,110
N 327 -22.972180 -43.589023 130,110
N 328 -22.971898 -43.591144 110
N 329 -22.971992 -43.590520 -1
N 330 -22.971817 -43.590275 110
N 331 -22.970517 -43.590026 -1
N 332 -22.971232 -43.590157 -1
N 333 -22.971197 -43.590329 -1
N 334 -22.970973 -43.586158 122,119
N 335 -22.970965 -43.585372 -1
N 336 -22.970478 -43.585409 -1
N 337 -22.968458 -43.587172 -1
N 338 -22.969315 -43.592063 -1
N 339 -22.970654 -43.592242 -1
N 340 -22.970744 -43.593061 -1
N 341 -22.969204 -43.593890 -1
N 342 -22.970088 -43.593922 -1
N 343 -22.970667 -43.594841 -1
N 344 -22.969119 -43.595637 -1
N 345 -22.970382 -43.595698 -1
N 346 -22.970259 -43.595692 -1
N 347 -22.969217 -43.593622 -1
N 348 -22.969160 -43.594754 -1
N 349 -22.968140 -43.594931 -1
N 350 -22.983137 -43.588947 61,62,127
N 351 -22.984649 -43.590085 60,127,71
N 352 -22.985223 -43.590534 59,127,71
N 353 -22.994072 -43.597749 67,95,79
N 354 -22.994659 -43.583540 134
N 355 -22.991998 -43.592473 66,125,134
N 356 -22.993639 -43.584955 -1
N 357 -22.993798 -43.597843 106,67,79
N 358 -22.986691 -43.567140 -1
N 359 -22.986728 -43.567395 -1
N 360 -22.986764 -43.567668 -1
N 361 -22.988938 -43.566199 103
N 362 -22.989078 -43.567075 -1
N 363 -22.990211 -43.567129 10,11,103
N 364 -22.990626 -43.567062 10,11
N 365 -22.969313 -43.588685 31
N 366 -22.974521 -43.591640 132,30
N 367 -22.974636 -43.590782 132,30
N 368 -22.974906 -43.590810 -1
N 369 -22.975648 -43.590443 -1
N 370 -22.976778 -43.589928 130,132
N 371 -22.976821 -43.589823 57,130,131
N 372 -22.977556 -43.589621 56,57,131
N 373 -22.987647 -43.604422 129,19,100
N 374 -22.997845 -43.590273 -1
N 375 -22.999059 -43.590462 -1
N 376 -22.972966 -43.595924 -1
N 377 -22.973364 -43.597322 -1
N 378 -22.973506 -43.595979 -1
N 379 -22.974270 -43.596380 -1
N 380 -22.974532 -43.596381 -1
N 381 -22.974570 -43.596142 -1
N 382 -22.978962 -43.596650 132
N 383 -22.978965 -43.589383 130,132
N 384 -22.979069 -43.596746 132
N 385 -22.980446 -43.591320 -1
N 386 -22.981888 -43.592822 -1
N 387 -22.984728 -43.601793 129,132
N 388 -22.974832 -43.596440 -1
N 389 -22.977160 -43.593008 -1
N 390 -22.977402 -43.592732 -1
N 391 -22.977747 -43.598557 -1
N 392 -22.977761 -43.593364 -1
N 393 -22.978613 -43.593299 -1
N 394 -22.986562 -43.605306 -1
N 395 -22.987022 -43.603850 129
N 396 -22.968648 -43.587649 -1
N 397 -22.988397 -43.563054 128
N 398 -22.988354 -43.563540 -1
N 399 -22.988338 -43.562237 128
N 400 -22.988336 -43.561797 -1
N 401 -22.989118 -43.562198 128
N 402 -22.988951 -43.561745 -1
N 403 -22.989708 -43.562173 128
N 404 -22.989326 -43.561256 -1
N 405 -22.990268 -43.562147 128
N 406 -22.989899 -43.561155 -1
N 407 -22.990631 -43.562125 128
N 408 -22.990294 -43.561133 -1
N 409 -22.990980 -43.562113 128
N 410 -22.990635 -43.561042 -1
N 411 -22.991362 -43.562087 128
N 412 -22.990995 -43.560983 -1
N 413 -22.992677 -43.561688 2
N 414 -22.992318 -43.561515 -1
N 415 -22.993163 -43.562321 2
N 416 -22.992091 -43.562040 -1
N 417 -22.991711 -43.560833 -1
N 418 -22.991659 -43.562075 128
N 419 -22.991699 -43.562074 -1
N 420 -22.991397 -43.560968 -1
N 421 -22.992681 -43.581330 121
N 422 -22.992986 -43.580528 -1
N 423 -22.986205 -43.573447 134
N 424 -22.988483 -43.571215 -1
N 425 -22.985672 -43.572702 134
N 426 -22.987010 -43.571041 -1
N 427 -22.985028 -43.571325 72,117
N 428 -22.986060 -43.570324 -1
N 429 -22.985882 -43.572999 134
N 430 -22.984726 -43.574136 -1
N 431 -22.985058 -43.573848 -1
N 432 -22.984815 -43.573481 -1
N 433 -22.992553 -43.578668 -1
N 434 -22.992171 -43.578154 -1
N 435 -22.991200 -43.577724 -1
N 436 -22.986901 -43.564169 -1
N 437 -22.985518 -43.563889 -1
N 438 -22.986017 -43.565759 -1
N 439 -22.986737 -43.565152 -1
N 440 -22.986275 -43.576743 120,134
N 441 -22.995420 -43.585550 134
N 442 -22.995812 -43.585459 -1
N 443 -22.995959 -43.590421 -1
N 444 -22.999700 -43.582390 20
N 445 -22.986610 -43.607030 -1
N 446 -22.974241 -43.605129 -1
N 447 -22.974689 -43.605874 40,4
N 448 -22.969716 -43.605017 49,50
N 449 -22.969978 -43.603155 -1
N 450 -23.000275 -43.582436 74
N 451 -23.000366 -43.582586 73,74
N 452 -23.000432 -43.582341 73,74
N 453 -22.993691 -43.596918 -1
N 454 -22.973154 -43.574392 133
N 455 -22.973626 -43.575347 -1
N 456 -22.977365 -43.577113 -1
N 457 -22.975959 -43.575315 133,55
N 458 -22.976917 -43.577217 -1
N 459 -22.983048 -43.571742 134
N 460 -22.982651 -43.573019 -1
N 461 -22.978781 -43.574384 134
N 462 -22.979960 -43.575660 -1
N 463 -22.993378 -43.607426 104
N 464 -22.999378 -43.604405 21
N 465 -22.990570 -43.596358 33,129
N 466 -22.990258 -43.597125 33,129
N 467 -22.993354 -43.608294 104,52
N 468 -22.991230 -43.563080 128
N 469 -22.991664 -43.562788 128
N 470 -22.996612 -43.563386 -1
N 471 -22.986858 -43.562587 -1
N 472 -22.986186 -43.575244 120,134
N 473 -22.986652 -43.569991 92
N 474 -22.984925 -43.571667 117
N 475 -22.985081 -43.607312 19
N 476 -22.969650 -43.609196 38,47
N 477 -22.974849 -43.596194 -1
N 478 -22.971712 -43.591111 110
N 479 -22.970340 -43.591163 -1
N 480 -22.969462 -43.590930 -1
N 481 -22.970388 -43.591520 -1
N 482 -22.970345 -43.591730 -1
N 483 -22.969415 -43.591526 -1
N 484 -22.969131 -43.595387 -1
N 485 -22.968226 -43.595326 -1
N 486 -22.985493 -43.578246 -1
N 487 -22.985706 -43.576199 120,134
N 488 -22.995944 -43.589896 125,134
N 489 -23.000507 -43.582474 73,74
N 490 -22.969437 -43.582164 114
N 491 -22.970204 -43.590137 -1
N 492 -22.973717 -43.592706 17
N 493 -22.975308 -43.593870 14
N 494 -22.974470 -43.593706 -1
N 495 -23.001113 -43.583040 -1
N 496 -23.000819 -43.583582 73
N 497 -23.000567 -43.582807 -1
N 498 -22.999752 -43.582172 20
N 499 -22.999910 -43.582327 20
N 500 -22.985194 -43.577823 -1
N 501 -22.975503 -43.596320 -1
N 502 -22.970234 -43.596057 -1
N 503 -22.971350 -43.586956 -1
N 504 -22.970830 -43.588726 122,130
N 505 -22.977918 -43.584297 -1
N 506 -22.979137 -43.587189 -1
N 507 -22.980666 -43.580702 -1
N 508 -22.980364 -43.577388 -1
N 509 -22.980459 -43.577776 -1
N 510 -22.979354 -43.582601 131,134
N 511 -22.970785 -43.577072 -1
N 512 -22.972244 -43.576836 133
N 513 -22.971149 -43.578484 -1
N 514 -22.972280 -43.578917 133
N 515 -22.969403 -43.579322 -1
N 516 -22.969455 -43.579478 -1
N 517 -22.983985 -43.585503 -1
N 518 -22.975530 -43.588155 131,124
N 519 -22.990821 -43.581865 121,93,94
N 520 -22.990743 -43.581829 75,93,94
N 521 -22.990326 -43.581860 75,76,94
N 522 -22.991130 -43.581397 121,93
N 523 -22.990989 -43.581522 -1
N 524 -22.991798 -43.580223 121,134
N 525 -22.991652 -43.580365 121,93,134
N 526 -22.990855 -43.579900 75,93,134
N 527 -22.990251 -43.581780 75,76,134
N 528 -22.989998 -43.581864 107,76,134
N 529 -22.990249 -43.581944 107,76,94
N 530 -22.990276 -43.581985 121,107,94
N 531 -22.973763 -43.580027 -1
N 532 -22.972171 -43.580308 114,133
N 533 -22.972398 -43.577872 133
N 534 -22.974290 -43.577646 -1
N 535 -22.974542 -43.578541 -1
N 536 -22.974625 -43.577433 -1
N 537 -22.972386 -43.578300 133
N 538 -22.975133 -43.588233 -1
N 539 -22.975122 -43.586926 -1
N 540 -22.973782 -43.587135 64,124,112
N 541 -22.973428 -43.587194 64,122,112
N 542 -22.983095 -43.586319 -1
N 543 -22.982342 -43.586796 116,134
N 544 -22.980793 -43.582663 -1
N 545 -22.981021 -43.583308 97,87
N 546 -22.980073 -43.581394 -1
N 547 -22.978880 -43.581679 133,134
N 548 -22.979796 -43.581913 -1
N 549 -22.979787 -43.582911 -1
N 550 -22.979446 -43.582043 -1
N 551 -22.979609 -43.582510 -1
N 552 -22.981222 -43.581364 -1
N 553 -22.979928 -43.582411 -1
N 554 -22.971366 -43.577796 -1
N 555 -22.969598 -43.577752 -1
N 556 -22.969085 -43.578575 -1
N 557 -22.969064 -43.586917 122
N 558 -22.984696 -43.587152 -1
N 559 -22.984527 -43.588608 113,134
N 560 -22.990281 -43.582961 121,107,134
N 561 -22.973111 -43.593180 70
N 562 -22.977116 -43.588886 -1
N 563 -22.975669 -43.589122 131,124
N 564 -22.993552 -43.591692 125,134
N 565 -22.974741 -43.583750 131,124,63
N 566 -22.973312 -43.592720 -1
N 567 -22.972997 -43.592692 -1
N 568 -22.973159 -43.592707 -1
N 569 -22.992327 -43.576945 -1
N 570 -22.992080 -43.577117 -1
N 571 -22.991086 -43.582348 -1
N 572 -22.984295 -43.568813 -1
N 573 -22.984291 -43.568962 0
N 574 -22.984744 -43.569027 0,117
N 575 -22.970412 -43.569389 -1
N 576 -22.985031 -43.568883 92,117
N 577 -22.984749 -43.568933 117
N 578 -22.984990 -43.570689 -1
N 579 -22.985026 -43.571091 72,117
N 580 -22.985236 -43.570684 72,92,117
N 581 -22.985105 -43.571257 72,92
N 582 -22.970381 -43.573268 -1
N 583 -22.972909 -43.575727 -1
N 584 -22.972312 -43.574636 133
N 585 -22.995363 -43.562284 -1
N 586 -22.986860 -43.560776 -1
N 587 -22.987759 -43.560691 -1
N 588 -22.985744 -43.561422 -1
N 589 -22.985868 -43.561307 -1
N 590 -22.985461 -43.562574 -1
N 591 -22.986111 -43.561368 -1
N 592 -22.986367 -43.561997 -1
N 593 -22.985240 -43.572122 134
N 594 -22.984873 -43.572509 -1
N 595 -22.985886 -43.571686 -1
N 596 -22.985197 -43.572064 134
N 597 -22.986133 -43.569135 -1
N 598 -22.985569 -43.569356 92,117
N 599 -22.986384 -43.572197 -1
N 600 -22.985801 -43.572882 134
N 601 -22.986147 -43.563718 -1
N 602 -22.986916 -43.564144 -1
N 603 -22.983932 -43.573176 -1
N 604 -22.983055 -43.572912 77,134
N 605 -22.984290 -43.572877 -1
N 606 -22.983751 -43.573630 -1
N 607 -22.983574 -43.572648 77,134
N 608 -22.983452 -43.571942 77,134
N 609 -22.983466 -43.571784 134
N 610 -22.983522 -43.573000 77,134
N 611 -22.994433 -43.592990 125,22
N 612 -22.994127 -43.592398 -1
N 613 -22.994032 -43.593101 -1
N 614 -22.994457 -43.592602 -1
N 615 -22.994557 -43.592673 125,22
N 616 -22.995058 -43.592145 125,22
N 617 -22.993941 -43.594916 53,54,111
N 618 -22.999142 -43.604528 21,78
N 619 -22.999040 -43.604575 12,78
N 620 -22.999513 -43.604557 21,78
N 621 -22.999500 -43.604653 12,78
N 622 -22.971626 -43.588930 130
N 623 -22.971498 -43.589373 -1
N 624 -22.969445 -43.590736 -1
N 625 -22.970122 -43.590990 -1
N 626 -22.969184 -43.594289 -1
N 627 -22.973664 -43.593999 -1
N 628 -22.973824 -43.592727 -1
N 629 -22.979323 -43.588901 130,132
N 630 -22.978995 -43.589351 130,132
N 631 -22.977914 -43.587765 -1
N 632 -22.977690 -43.589508 -1
N 633 -22.977655 -43.589354 -1
N 634 -22.977724 -43.589641 56,130,88
N 635 -22.972323 -43.585310 -1
N 636 -22.970627 -43.578787 -1
N 637 -22.968786 -43.581215 23
N 638 -22.968693 -43.581822 23
N 639 -22.968331 -43.581239 -1
N 640 -22.968602 -43.581165 -1
N 641 -22.969200 -43.581632 23
N 642 -22.977184 -43.579824 -1
N 643 -22.978263 -43.579577 133,134
N 644 -22.977768 -43.580119 -1
N 645 -22.977587 -43.590576 -1
N 646 -22.968371 -43.579219 -1
N 647 -22.991202 -43.563649 128
N 648 -22.987487 -43.575243 120
N 649 -22.987097 -43.575649 -1
N 650 -22.986545 -43.575437 -1
N 651 -22.992156 -43.563472 -1
N 652 -22.992636 -43.563798 -1
N 653 -22.993269 -43.563331 -1
N 654 -22.993770 -43.563763 -1
N 655 -22.970624 -43.569709 -1
N 656 -22.972070 -43.575274 133
N 657 -22.971655 -43.575244 -1
N 658 -22.978995 -43.587028 -1
N 659 -22.990532 -43.597652 -1
N 660 -22.990643 -43.597301 -1
N 661 -22.990097 -43.597825 -1
N 662 -22.990333 -43.597156 -1
N 663 -22.986260 -43.567661 -1
N 664 -22.985793 -43.567746 -1
N 665 -22.986036 -43.568098 -1
N 666 -22.999425 -43.583042 91
N 667 -22.975734 -43.589465 -1
N 668 -22.976878 -43.589761 57,131
N 669 -22.977712 -43.589589 56,88,131
N 670 -22.993531 -43.608514 104
N 671 -22.993442 -43.597830 106
N 672 -22.985045 -43.607290 19
N 673 -22.976008 -43.575293 133,55
N 674 -22.975958 -43.575140 133,55
N 675 -22.993975 -43.598572 106,5,79
N 676 -22.994066 -43.598584 5,95,79
N 677 -22.993685 -43.595402 24,80,108
N 678 -22.982150 -43.584474 123,134
N 679 -22.975460 -43.583832 -1
N 680 -22.974816 -43.584027 131,124
N 681 -22.993848 -43.597374 25,26,99
N 682 -22.993772 -43.597295 81,25,26,98
N 683 -22.993705 -43.597225 81,98,109
N 684 -22.994049 -43.597249 99,67,95
N 685 -22.993603 -43.597701 81,25,106,99
N 686 -22.993882 -43.595329 126,108,53,54
N 687 -22.993863 -43.595528 27,108,126
N 688 -22.993704 -43.596254 27,28,126
N 689 -22.993537 -43.596568 82,28,126
N 690 -22.993332 -43.596538 82,83,126
N 691 -22.993037 -43.596979 83,100,126
N 692 -22.993538 -43.596145 24,82,83,108
N 693 -22.993956 -43.596554 126
N 694 -22.993995 -43.596912 98,109
N 695 -22.993603 -43.596187 108,82,27,28
N 696 -22.993425 -43.596086 24,83,80,100
N 697 -22.993302 -43.596022 80,129,100
N 698 -22.993475 -43.597670 81,106,109
N 699 -22.993670 -43.595296 80,129,108,53
N 700 -22.993969 -43.595328 126,54
N 701 -22.994373 -43.595877 91,84
N 702 -22.994497 -43.596084 91,84
N 703 -22.992855 -43.598007 84
N 704 -22.992719 -43.597826 84
N 705 -22.994008 -43.597197 26,99,98
N 706 -22.972202 -43.603663 -1
N 707 -22.988614 -43.595510 34,132,37
N 708 -22.988334 -43.596316 34,132
N 709 -22.977591 -43.578722 -1
N 710 -22.981955 -43.588071 58,116,101,134
N 711 -22.982816 -43.588555 113,58,134,62
N 712 -22.985357 -43.590517 8,113,59,134
N 713 -22.985217 -43.590499 113,59,71
N 714 -22.984734 -43.590098 113,60,71
N 715 -22.983693 -43.589253 113,60,61
N 716 -22.983170 -43.588934 113,61,62
N 717 -22.980788 -43.587261 90,116,101
N 718 -22.980446 -43.587003 90,123,116,7
N 719 -22.980424 -43.587005 89,1,123,7
N 720 -22.971424 -43.591058 -1
N 721 -22.972447 -43.592492 -1
N 722 -22.972389 -43.593101 70
N 723 -22.972776 -43.592493 -1
N 724 -22.972726 -43.593138 70
N 725 -22.988868 -43.564392 -1
N 726 -22.983335 -43.585751 -1
N 727 -22.982586 -43.584898 -1
N 728 -22.983121 -43.585932 -1
N 729 -22.974813 -43.608667 -1
N 730 -22.974928 -43.607981 4
N 731 -22.975445 -43.608083 -1
N 732 -22.975655 -43.606672 -1
N 733 -22.973688 -43.604666 -1
N 734 -22.973570 -43.605681 44,39
N 735 -22.971611 -43.607429 42,45
N 736 -22.980670 -43.570873 134
A 0 89 197.295 -1
A 0 90 52.091 -1
A 0 200 1212.213 -1
A 1 399 46.186 128
A 1 122 86.824 -1
A 1 587 162.875 -1
A 2 436 16.134 -1
A 2 438 174.356 -1
A 2 725 229.000 -1
A 3 574 5.682 117
A 3 474 270.364 -1
A 3 573 60.873 0
A 4 474 24.222 -1
A 4 609 179.848 -1
A 4 596 26.438 134
A 5 7 132.960 118
A 5 307 106.968 132
A 5 78 183.337 130
A 6 204 62.863 96
A 6 34 86.952 132
A 6 120 161.452 29
A 7 5 132.960 132
A 7 312 90.572 118
A 7 367 46.524 30
A 8 338 97.488 -1
A 8 347 62.488 -1
A 8 340 167.837 -1
A 9 483 23.299 -1
A 9 481 105.715 -1
A 9 480 38.451 -1
A 10 557 7.765 122
A 10 337 64.702 -1
A 10 102 172.670 -1
A 11 36 87.877 96
A 11 84 274.658 129
A 11 206 122.006 85
A 12 102 8.524 130
A 12 14 154.107 -1
A 12 622 247.159 -1
A 12 365 12.632 31
A 13 312 93.491 132
A 13 318 5.163 118
A 13 194 535.045 -1
A 14 12 154.107 -1
A 14 624 57.911 -1
A 14 491 89.878 -1
A 15 344 42.273 -1
A 16 490 50.969 -1
A 16 100 115.972 114
A 16 641 32.370 -1
A 17 24 87.865 133
A 17 643 92.011 134
A 17 644 97.764 -1
A 18 556 47.531 -1
A 19 26 127.544 134
A 19 643 70.492 133
A 19 709 93.818 -1
A 20 125 21.996 86
A 20 124 129.126 -1
A 20 143 401.662 119
A 21 289 76.833 -1
A 21 219 28.039 123
A 21 287 166.178 131
A 22 545 150.641 97
A 22 296 51.729 32
A 22 219 92.634 131
A 22 222 82.003 87
A 23 113 14.520 131
A 23 287 36.082 123
A 23 719 15.674 1
A 24 17 87.865 134
A 24 547 48.521 133
A 24 507 228.389 -1
A 25 26 126.893 133
A 25 96 181.984 134
A 25 508 302.221 -1
A 26 19 127.544 133
A 26 25 126.893 134
A 26 509 245.679 -1
A 27 708 51.872 -1
A 28 227 31.624 -1
A 29 488 44.161 134
A 29 616 277.443 125
A 29 441 456.712 -1
A 30 466 54.154 129
A 30 225 87.214 33
A 30 40 77.619 132
A 30 708 175.298 34
A 31 36 185.685 -1
A 32 416 15.689 -1
A 32 413 66.265 2
A 32 415 110.015 -1
A 33 199 79.742 35
A 33 197 212.628 125
A 33 611 75.412 -1
A 33 88 80.210 3
A 34 6 86.952 96
A 34 39 86.530 132
A 34 118 47.057 -1
A 34 36 279.483 36
A 35 38 185.738 -1
A 36 11 87.877 129
A 36 31 185.685 -1
A 36 34 279.483 96
A 36 38 89.069 36
A 37 266 48.586 134
A 37 272 197.067 -1
A 37 232 197.359 -1
A 38 35 185.738 -1
A 38 36 89.069 129
A 38 39 280.535 36
A 38 225 89.247 37
A 39 34 86.530 36
A 39 38 280.535 37
A 39 119 52.228 -1
A 39 707 190.701 132
A 40 30 77.619 129
A 40 41 213.561 -1
A 40 387 690.276 132
A 41 40 213.561 -1
A 42 698 34.073 -1
A 42 76 199.387 109
A 42 82 283.598 -1
A 43 52 212.155 -1
A 43 476 66.538 38
A 44 51 62.324 39
A 44 50 62.093 -1
A 44 66 210.823 40
A 45 52 64.197 41
A 45 735 58.746 -1
A 45 71 213.297 42
A 46 47 61.235 43
A 46 51 62.155 -1
A 46 68 211.091 44
A 47 46 61.235 -1
A 47 735 64.793 45
A 47 65 210.561 43
A 48 49 66.992 46
A 48 53 212.482 47
A 48 476 58.717 -1
A 49 48 66.992 -1
A 49 56 211.133 46
A 50 44 62.093 40
A 50 730 60.723 -1
A 50 447 210.978 4
A 51 44 62.324 -1
A 51 46 62.155 44
A 51 734 212.348 39
A 52 43 212.155 38
A 52 45 64.197 -1
A 52 60 63.890 48
A 52 58 211.394 41
A 53 48 212.482 46
A 53 56 62.567 49
A 53 60 60.331 47
A 53 448 212.015 50
A 54 56 62.035 -1
A 54 69 212.062 51
A 55 731 37.639 -1
A 56 49 211.133 -1
A 56 53 62.567 46
A 56 54 62.035 51
A 56 67 211.989 49
A 57 68 185.198 -1
A 58 52 211.394 48
A 58 71 63.126 41
A 58 64 61.858 -1
A 58 72 186.646 -1
A 59 67 197.041 -1
A 60 52 63.890 38
A 60 53 60.331 50
A 60 476 211.501 47
A 60 64 213.005 48
A 61 65 66.548 45
A 61 71 57.512 -1
A 61 706 178.826 -1
A 61 735 212.429 42
A 62 71 177.298 -1
A 63 64 182.377 -1
A 64 58 61.858 48
A 64 60 213.005 50
A 64 63 182.377 -1
A 64 448 61.462 -1
A 65 47 210.561 45
A 65 61 66.548 -1
A 65 68 62.696 43
A 65 70 206.797 -1
A 66 44 210.823 39
A 66 446 67.045 -1
A 66 447 62.736 40
A 66 734 63.333 -1
A 67 56 211.989 51
A 67 59 197.041 -1
A 67 448 63.089 49
A 67 69 63.949 -1
A 68 46 211.091 43
A 68 57 185.198 -1
A 68 65 62.696 -1
A 68 734 60.719 44
A 69 54 212.062 -1
A 69 67 63.949 51
A 69 196 272.290 -1
A 70 65 206.797 -1
A 71 45 213.297 41
A 71 58 63.126 -1
A 71 61 57.512 42
A 71 62 177.298 -1
A 72 58 186.646 -1
A 73 694 12.948 109
A 73 76 79.609 -1
A 73 676 165.983 95
A 73 75 22.170 98
A 74 195 23.981 -1
A 74 172 20.494 -1
A 74 467 82.237 52
A 75 705 5.062 98
A 75 73 22.170 95
A 75 684 2.969 99
A 76 42 199.387 -1
A 76 73 79.609 109
A 76 90 272.670 -1
A 77 174 375.550 -1
A 77 676 32.252 -1
A 77 675 32.747 5
A 78 322 154.882 110
A 78 5 183.337 118
A 78 327 67.336 130
A 79 200 2352.004 -1
A 80 498 2267.131 -1
A 81 373 615.861 100
A 81 82 47.960 -1
A 81 83 260.391 -1
A 82 81 47.960 -1
A 82 42 283.598 -1
A 83 81 260.391 100
A 83 89 331.113 -1
A 83 691 97.324 126
A 84 11 274.658 85
A 84 86 44.308 129
A 84 85 66.618 111
A 85 197 110.480 35
A 85 84 66.618 85
A 85 199 19.084 111
A 86 84 44.308 111
A 86 617 55.861 53
A 86 699 34.448 129
A 87 88 48.956 -1
A 87 617 15.927 111
A 87 700 55.989 54
A 88 87 48.956 111
A 88 33 80.210 -1
A 88 199 71.981 3
A 89 0 197.295 -1
A 89 700 99.253 -1
A 89 83 331.113 126
A 90 76 272.670 -1
A 90 374 470.724 -1
A 90 0 52.091 -1
A 91 666 53.639 -1
A 92 201 15.428 -1
A 92 94 132.128 -1
A 93 95 130.655 -1
A 93 202 16.833 -1
A 94 92 132.128 -1
A 95 93 130.655 -1
A 96 25 181.984 133
A 96 461 195.423 134
A 96 674 133.881 -1
A 97 674 5.551 55
A 97 98 118.737 -1
A 97 457 18.453 133
A 98 97 118.737 133
A 98 160 215.746 -1
A 98 454 203.519 -1
A 99 136 253.586 -1
A 99 584 30.486 -1
A 99 454 68.405 133
A 100 16 115.972 -1
A 100 516 115.995 -1
A 100 138 292.947 114
A 101 365 8.519 -1
A 101 102 12.666 31
A 102 12 8.524 31
A 102 10 172.670 122
A 102 101 12.666 -1
A 102 504 158.646 130
A 103 372 9.691 56
A 103 371 92.089 57
A 103 634 10.063 130
A 104 634 356.942 88
A 104 109 37.320 130
A 104 105 39.306 115
A 105 104 39.306 88
A 105 106 45.039 115
A 105 113 31.482 89
A 106 114 31.383 90
A 106 105 45.039 89
A 106 218 14.537 115
A 107 218 10.996 101
A 107 110 14.554 115
A 107 111 84.353 6
A 108 120 851.759 132
A 108 110 38.891 127
A 108 109 76.348 115
A 109 104 37.320 115
A 109 108 76.348 132
A 109 629 149.844 130
A 110 108 38.891 115
A 110 107 14.554 6
A 110 111 73.166 127
A 111 107 84.353 101
A 111 110 73.166 6
A 111 112 58.552 127
A 112 710 5.361 58
A 112 111 58.552 101
A 112 117 79.172 127
A 113 23 14.520 1
A 113 719 6.355 89
A 113 105 31.482 88
A 113 669 426.811 131
A 114 106 31.383 89
A 114 718 2.395 90
A 114 719 2.004 7
A 115 352 26.727 59
A 115 712 18.856 8
A 115 121 252.039 127
A 116 715 9.367 60
A 116 350 71.975 61
A 116 351 132.648 127
A 117 112 79.172 58
A 117 350 82.253 127
A 117 711 32.984 62
A 118 34 47.057 -1
A 119 39 52.228 -1
A 120 108 851.759 127
A 120 6 161.452 132
A 120 121 26.693 29
A 121 120 26.693 127
A 121 115 252.039 8
A 121 712 273.035 134
A 121 204 248.155 29
A 121 205 256.868 9
A 122 1 86.824 128
A 122 471 93.516 -1
A 122 602 136.502 -1
A 122 397 89.908 -1
A 123 125 93.946 -1
A 124 20 129.126 119
A 124 134 108.871 -1
A 124 127 106.982 -1
A 125 20 21.996 -1
A 125 123 93.946 -1
A 125 126 70.506 86
A 126 125 70.506 -1
A 126 128 7.403 114
A 126 142 374.994 86
A 127 124 106.982 119
A 127 334 179.618 122
A 127 557 71.728 -1
A 128 126 7.403 -1
A 128 490 94.678 114
A 129 130 196.286 -1
A 129 133 56.978 -1
A 130 129 196.286 -1
A 130 131 19.297 -1
A 130 575 80.562 -1
A 131 130 19.297 -1
A 131 132 89.012 -1
A 132 131 89.012 -1
A 133 129 56.978 -1
A 133 655 183.653 -1
A 133 136 231.632 -1
A 134 124 108.871 -1
A 135 557 169.117 -1
A 136 99 253.586 -1
A 136 133 231.632 -1
A 136 582 29.442 -1
A 137 150 211.200 -1
A 138 100 292.947 -1
A 138 532 104.825 114
A 138 514 55.713 133
A 139 145 57.607 -1
A 140 144 47.957 -1
A 141 146 56.872 -1
A 142 126 374.994 114
A 142 143 88.981 86
A 142 149 92.229 -1
A 142 532 274.041 133
A 143 20 401.662 86
A 143 142 88.981 133
A 143 144 61.528 119
A 143 151 57.301 102
A 144 140 47.957 -1
A 144 143 61.528 102
A 144 145 51.291 119
A 145 139 57.607 -1
A 145 144 51.291 102
A 145 152 47.926 112
A 145 146 29.947 119
A 146 141 56.872 -1
A 146 145 29.947 112
A 146 148 78.575 119
A 147 160 142.458 -1
A 148 146 78.575 112
A 148 334 249.944 119
A 148 150 80.495 122
A 149 142 92.229 -1
A 150 137 211.200 -1
A 150 148 80.495 112
A 150 541 54.046 122
A 151 143 57.301 133
A 151 305 141.575 63
A 151 153 65.037 102
A 152 145 47.926 102
A 152 157 86.366 -1
A 152 153 54.626 124
A 152 540 247.231 112
A 153 151 65.037 63
A 153 152 54.626 102
A 153 565 161.559 124
A 154 541 211.933 64
A 154 504 332.938 122
A 154 156 41.350 130
A 155 158 555.728 -1
A 156 540 224.205 124
A 156 154 41.350 64
A 156 303 180.102 130
A 157 152 86.366 -1
A 158 155 555.728 -1
A 158 162 242.971 -1
A 158 159 116.493 -1
A 159 158 116.493 -1
A 159 161 209.165 -1
A 159 160 13.193 -1
A 160 98 215.746 -1
A 160 147 142.458 -1
A 160 159 13.193 -1
A 161 159 209.165 -1
A 162 158 242.971 -1
A 163 438 157.859 -1
A 163 577 199.129 -1
A 163 164 53.800 -1
A 164 163 53.800 -1
A 164 664 25.970 -1
A 164 165 70.959 -1
A 165 164 70.959 -1
A 165 359 38.627 -1
A 165 361 379.594 103
A 165 166 191.908 -1
A 166 165 191.908 103
A 166 167 9.307 -1
A 166 169 342.090 -1
A 167 166 9.307 -1
A 168 361 124.410 -1
A 168 363 117.384 103
A 168 364 159.661 10
A 169 166 342.090 103
A 169 363 85.662 11
A 169 364 138.989 -1
A 170 463 20.046 104
A 170 445 831.738 -1
A 170 467 68.966 -1
A 171 467 35.408 104
A 171 670 6.519 -1
A 171 172 51.615 52
A 172 171 51.615 -1
A 172 74 20.494 52
A 173 463 17.003 -1
A 173 670 110.486 104
A 174 77 375.550 -1
A 174 463 504.543 -1
A 174 175 563.613 -1
A 175 174 563.613 -1
A 175 178 19.961 -1
A 175 176 31.888 -1
A 176 175 31.888 -1
A 176 185 173.081 105
A 176 177 66.971 -1
A 177 176 66.971 105
A 177 179 24.915 -1
A 177 180 295.159 -1
A 178 175 19.961 -1
A 178 619 13.293 12
A 178 621 91.892 -1
A 179 177 24.915 -1
A 180 177 295.159 105
A 180 184 90.294 -1
A 180 183 66.345 13
A 181 182 27.926 -1
A 182 181 27.926 -1
A 182 185 77.118 65
A 182 183 15.645 105
A 183 180 66.345 105
A 183 182 15.645 65
A 183 184 32.722 13
A 184 180 90.294 13
A 184 183 32.722 65
A 184 185 124.122 -1
A 185 176 173.081 -1
A 185 182 77.118 105
A 185 184 124.122 65
A 186 464 580.808 -1
A 187 378 90.052 -1
A 187 377 48.377 -1
A 187 192 307.451 -1
A 188 189 130.588 -1
A 188 313 85.942 -1
A 188 378 183.672 -1
A 189 188 130.588 -1
A 189 493 104.626 -1
A 189 190 64.351 14
A 190 189 64.351 -1
A 190 494 59.297 -1
A 190 493 35.350 14
A 191 493 47.060 -1
A 192 187 307.451 -1
A 193 501 154.417 -1
A 193 194 86.410 -1
A 194 13 535.045 132
A 194 193 86.410 -1
A 194 382 214.712 -1
A 195 74 23.981 -1
A 196 69 272.290 -1
A 196 672 2510.570 -1
A 197 33 212.628 35
A 197 85 110.480 85
A 197 355 183.452 125
A 197 206 290.641 66
A 198 357 19.124 106
A 198 684 66.116 67
A 198 685 7.188 99
A 199 33 79.742 3
A 199 88 71.981 111
A 199 85 19.084 35
A 200 79 2352.004 -1
A 200 201 5.226 -1
A 200 0 1212.213 -1
A 201 92 15.428 -1
A 201 200 5.226 -1
A 201 666 8.644 91
A 201 701 1470.308 -1
A 202 203 4.845 -1
A 202 666 9.323 -1
A 202 93 16.833 -1
A 202 702 1476.913 91
A 203 202 4.845 -1
A 203 444 72.244 -1
A 203 374 760.534 -1
A 204 6 62.863 29
A 204 121 248.155 9
A 204 206 94.718 96
A 204 205 123.923 68
A 205 204 123.923 9
A 205 121 256.868 134
A 205 207 98.082 68
A 206 197 290.641 85
A 206 204 94.718 68
A 206 11 122.006 96
A 206 207 161.642 66
A 207 206 161.642 68
A 207 205 98.082 134
A 207 355 192.408 66
A 208 215 99.360 116
A 208 678 118.054 134
A 208 718 202.726 123
A 209 210 92.913 -1
A 210 209 92.913 -1
A 210 543 20.147 134
A 210 710 173.347 116
A 211 212 87.172 -1
A 212 211 87.172 -1
A 212 215 34.591 134
A 212 543 35.562 116
A 213 678 99.759 123
A 213 220 12.977 134
A 213 517 237.444 -1
A 214 545 26.362 87
A 214 223 94.631 97
A 214 221 90.291 15
A 215 208 99.360 134
A 215 212 34.591 116
A 215 216 50.706 -1
A 216 215 50.706 -1
A 217 717 83.342 -1
A 218 107 10.996 115
A 218 717 3.388 101
A 218 106 14.537 90
A 219 21 28.039 131
A 219 22 92.634 97
A 219 220 337.300 123
A 220 213 12.977 123
A 220 219 337.300 97
A 220 223 126.092 134
A 221 214 90.291 87
A 221 222 180.850 134
A 221 223 161.576 15
A 222 22 82.003 32
A 222 221 180.850 87
A 222 510 54.462 134
A 222 301 100.370 131
A 223 214 94.631 15
A 223 220 126.092 97
A 223 221 161.576 134
A 224 423 122.899 -1
A 224 472 116.558 134
A 224 648 109.805 120
A 225 30 87.214 34
A 225 38 89.247 129
A 225 465 57.111 33
A 225 707 177.089 37
A 226 465 118.689 -1
A 227 28 31.624 -1
A 227 660 26.925 -1
A 227 228 41.339 -1
A 228 227 41.339 -1
A 229 237 66.971 -1
A 230 233 89.421 120
A 230 232 51.988 134
A 230 648 88.723 -1
A 231 237 48.531 -1
A 231 440 46.763 120
A 231 235 78.932 134
A 232 37 197.359 134
A 232 230 51.988 -1
A 232 239 150.111 -1
A 233 230 89.421 134
A 233 235 33.496 120
A 233 234 54.526 -1
A 234 233 54.526 -1
A 235 231 78.932 120
A 235 233 33.496 134
A 235 236 79.097 -1
A 236 235 79.097 -1
A 237 229 66.971 -1
A 237 231 48.531 -1
A 237 238 33.329 -1
A 238 237 33.329 -1
A 239 232 150.111 -1
A 240 241 188.911 -1
A 240 421 65.017 121
A 240 524 85.161 -1
A 241 240 188.911 -1
A 241 245 15.654 -1
A 241 435 179.647 -1
A 242 243 125.072 -1
A 243 242 125.072 -1
A 243 249 72.286 -1
A 243 433 63.081 -1
A 244 569 66.876 -1
A 245 241 15.654 -1
A 245 433 35.866 -1
A 245 246 120.124 -1
A 246 245 120.124 -1
A 247 250 52.400 -1
A 248 250 157.155 -1
A 249 243 72.286 -1
A 249 569 86.986 -1
A 249 250 50.357 -1
A 250 247 52.400 -1
A 250 248 157.155 -1
A 250 249 50.357 -1
A 250 253 47.220 -1
A 251 262 46.983 -1
A 251 265 159.602 -1
A 251 264 44.739 -1
A 252 253 50.591 -1
A 253 250 47.220 -1
A 253 252 50.591 -1
A 253 256 46.228 -1
A 253 254 160.194 -1
A 254 253 160.194 -1
A 255 256 48.935 -1
A 256 253 46.228 -1
A 256 255 48.935 -1
A 256 259 46.646 -1
A 256 257 163.106 -1
A 257 256 163.106 -1
A 258 259 37.106 -1
A 259 256 46.646 -1
A 259 258 37.106 -1
A 259 262 46.693 -1
A 259 260 164.731 -1
A 260 259 164.731 -1
A 261 262 48.372 -1
A 262 251 46.983 -1
A 262 259 46.693 -1
A 262 261 48.372 -1
A 262 263 162.514 -1
A 263 262 162.514 -1
A 264 251 44.739 -1
A 265 251 159.602 -1
A 266 37 48.586 -1
A 266 268 33.148 134
A 266 267 112.455 -1
A 267 266 112.455 -1
A 268 266 33.148 -1
A 268 270 47.358 -1
A 268 273 100.161 134
A 269 270 104.582 -1
A 270 268 47.358 -1
A 270 269 104.582 -1
A 270 271 43.602 -1
A 271 270 43.602 -1
A 272 37 197.067 -1
A 273 268 100.161 -1
A 273 274 262.181 -1
A 273 524 186.064 134
A 274 273 262.181 -1
A 275 276 187.180 134
A 275 421 15.050 -1
A 275 560 368.263 121
A 276 275 187.180 -1
A 276 277 202.106 -1
A 276 354 113.687 134
A 277 276 202.106 -1
A 278 354 12.151 -1
A 278 279 248.691 -1
A 278 441 212.641 134
A 279 278 248.691 -1
A 280 564 436.721 -1
A 281 282 221.717 125
A 281 355 52.265 134
A 282 281 221.717 134
A 282 564 64.352 125
A 283 284 88.526 -1
A 283 528 122.326 107
A 283 285 198.387 134
A 284 283 88.526 -1
A 285 283 198.387 107
A 285 560 282.799 134
A 285 286 677.758 -1
A 286 285 677.758 -1
A 287 21 166.178 123
A 287 23 36.082 131
A 287 288 100.056 -1
A 288 287 100.056 -1
A 288 506 45.244 -1
A 289 21 76.833 -1
A 289 291 109.058 -1
A 289 290 94.249 -1
A 290 289 94.249 -1
A 291 289 109.058 -1
A 291 293 44.164 -1
A 291 294 71.727 -1
A 292 294 16.754 -1
A 293 291 44.164 -1
A 294 291 71.727 -1
A 294 292 16.754 -1
A 294 295 67.736 -1
A 295 294 67.736 -1
A 296 22 51.729 131
A 296 301 74.400 32
A 296 298 114.935 69
A 297 298 35.297 131
A 297 300 43.959 -1
A 297 299 165.786 16
A 298 296 114.935 131
A 298 297 35.297 16
A 298 299 131.162 69
A 299 297 165.786 131
A 299 298 131.162 16
A 299 301 33.164 69
A 300 297 43.959 -1
A 301 222 100.370 32
A 301 296 74.400 69
A 301 299 33.164 131
A 302 510 43.229 131
A 302 547 64.956 134
A 302 305 518.546 133
A 303 563 49.801 131
A 303 156 180.102 124
A 303 371 121.564 130
A 304 680 183.349 131
A 304 518 246.831 124
A 304 505 436.874 -1
A 305 151 141.575 133
A 305 302 518.546 131
A 305 306 174.365 -1
A 305 565 41.789 63
A 306 305 174.365 -1
A 307 5 106.968 130
A 307 308 102.497 -1
A 307 309 46.258 132
A 308 307 102.497 -1
A 309 307 46.258 130
A 309 369 80.414 -1
A 309 370 116.112 132
A 310 392 436.026 -1
A 310 383 147.836 132
A 310 370 103.332 130
A 311 366 185.350 -1
A 312 7 90.572 30
A 312 13 93.491 118
A 312 366 44.718 132
A 313 188 85.942 -1
A 313 315 24.616 -1
A 313 318 88.465 -1
A 314 317 15.826 -1
A 314 561 24.542 -1
A 314 722 157.842 70
A 315 313 24.616 -1
A 315 317 22.242 17
A 315 316 64.854 18
A 315 492 66.171 -1
A 316 315 64.854 -1
A 316 627 14.846 -1
A 316 317 79.682 18
A 317 314 15.826 -1
A 317 315 22.242 18
A 317 316 79.682 -1
A 317 492 85.565 17
A 318 13 5.163 -1
A 318 313 88.465 -1
A 318 319 251.029 118
A 319 318 251.029 -1
A 319 326 39.352 118
A 319 320 71.909 -1
A 320 319 71.909 -1
A 321 326 70.128 -1
A 322 78 154.882 118
A 322 324 42.477 -1
A 322 326 63.775 110
A 323 324 27.794 -1
A 324 322 42.477 -1
A 324 323 27.794 -1
A 324 325 72.326 -1
A 325 324 72.326 -1
A 326 319 39.352 -1
A 326 321 70.128 -1
A 326 322 63.775 118
A 326 328 67.887 110
A 327 78 67.336 110
A 327 330 134.442 -1
A 327 622 62.335 130
A 328 326 67.887 -1
A 328 329 64.777 -1
A 328 478 20.960 110
A 329 328 64.777 -1
A 330 327 134.442 110
A 330 478 87.776 -1
A 330 332 66.107 -1
A 331 332 80.728 -1
A 332 330 66.107 -1
A 332 331 80.728 -1
A 332 333 18.046 -1
A 333 332 18.046 -1
A 334 127 179.618 119
A 334 148 249.944 122
A 334 335 80.423 -1
A 335 334 80.423 -1
A 335 336 54.224 -1
A 335 635 151.531 -1
A 336 335 54.224 -1
A 337 10 64.702 -1
A 337 396 53.159 -1
A 338 8 97.488 -1
A 338 483 56.076 -1
A 338 339 149.951 -1
A 339 338 149.951 -1
A 340 8 167.837 -1
A 341 347 27.503 -1
A 341 626 40.892 -1
A 341 342 98.363 -1
A 342 341 98.363 -1
A 343 348 167.875 -1
A 344 15 42.273 -1
A 344 484 25.631 -1
A 344 346 126.883 -1
A 345 346 13.725 -1
A 346 344 126.883 -1
A 346 345 13.725 -1
A 346 502 37.490 -1
A 347 8 62.488 -1
A 347 341 27.503 -1
A 348 343 167.875 -1
A 348 626 47.670 -1
A 348 484 64.968 -1
A 348 349 120.036 -1
A 349 348 120.036 -1
A 350 116 71.975 127
A 350 117 82.253 62
A 350 716 3.910 61
A 351 116 132.648 60
A 351 352 78.614 127
A 351 714 9.440 71
A 352 115 26.727 127
A 352 713 3.628 59
A 352 351 78.614 71
A 353 684 51.221 95
A 353 357 45.932 67
A 353 676 85.684 79
A 354 276 113.687 -1
A 354 278 12.151 134
A 354 356 185.375 -1
A 355 197 183.452 66
A 355 281 52.265 125
A 355 207 192.408 134
A 356 354 185.375 -1
A 357 198 19.124 67
A 357 353 45.932 79
A 357 675 78.823 106
A 358 359 26.425 -1
A 359 165 38.627 -1
A 359 358 26.425 -1
A 359 360 28.270 -1
A 360 359 28.270 -1
A 361 165 379.594 -1
A 361 168 124.410 103
A 361 362 91.037 -1
A 362 361 91.037 -1
A 363 168 117.384 10
A 363 169 85.662 103
A 363 364 46.725 11
A 364 168 159.661 -1
A 364 169 138.989 11
A 364 363 46.725 10
A 365 101 8.519 31
A 365 12 12.632 -1
A 366 311 185.350 -1
A 366 312 44.718 30
A 366 367 88.719 132
A 367 7 46.524 132
A 367 366 88.719 30
A 367 368 30.128 -1
A 368 367 30.128 -1
A 369 309 80.414 -1
A 370 309 116.112 130
A 370 310 103.332 132
A 370 645 156.544 -1
A 371 103 92.089 130
A 371 303 121.564 131
A 371 668 8.952 57
A 372 103 9.691 57
A 372 669 17.740 56
A 372 668 89.389 131
A 373 81 615.861 -1
A 373 395 90.942 129
A 373 475 411.051 19
A 373 672 415.486 -1
A 373 697 1076.291 100
A 374 90 470.724 -1
A 374 375 136.336 -1
A 374 203 760.534 -1
A 375 374 136.336 -1
A 376 378 60.331 -1
A 377 187 48.377 -1
A 378 187 90.052 -1
A 378 188 183.672 -1
A 378 376 60.331 -1
A 378 381 119.594 -1
A 379 380 29.237 -1
A 380 379 29.237 -1
A 380 381 24.805 -1
A 380 388 33.914 -1
A 381 378 119.594 -1
A 381 380 24.805 -1
A 381 477 31.439 -1
A 382 194 214.712 132
A 382 384 15.370 -1
A 382 386 509.378 -1
A 383 310 147.836 130
A 383 630 4.660 132
A 383 385 291.208 -1
A 384 382 15.370 132
A 384 387 814.220 -1
A 384 391 236.692 -1
A 385 383 291.208 -1
A 386 382 509.378 -1
A 387 40 690.276 129
A 387 384 814.220 132
A 387 395 330.790 -1
A 388 380 33.914 -1
A 389 392 90.443 -1
A 390 392 76.018 -1
A 391 384 236.692 -1
A 392 310 436.026 -1
A 392 389 90.443 -1
A 392 390 76.018 -1
A 392 393 95.873 -1
A 393 392 95.873 -1
A 394 395 247.328 -1
A 395 373 90.942 -1
A 395 387 330.790 129
A 395 394 247.328 -1
A 396 337 53.159 -1
A 397 122 89.908 128
A 397 647 347.585 -1
A 397 398 50.008 -1
A 398 397 50.008 -1
A 399 1 46.186 -1
A 399 400 45.010 -1
A 399 401 86.901 128
A 400 399 45.010 -1
A 401 399 86.901 -1
A 401 402 49.991 -1
A 401 403 65.576 128
A 402 401 49.991 -1
A 403 401 65.576 -1
A 403 404 102.971 -1
A 403 405 62.338 128
A 404 403 102.971 -1
A 405 403 62.338 -1
A 405 406 109.546 -1
A 405 407 40.515 128
A 406 405 109.546 -1
A 407 405 40.515 -1
A 407 408 108.257 -1
A 407 409 38.771 128
A 408 407 108.257 -1
A 409 407 38.771 -1
A 409 410 116.185 -1
A 409 411 42.525 128
A 410 409 116.185 -1
A 411 409 42.525 -1
A 411 418 33.070 128
A 411 412 120.176 -1
A 412 411 120.176 -1
A 413 32 66.265 -1
A 413 414 43.704 -1
A 413 415 127.167 2
A 414 413 43.704 -1
A 415 32 110.015 2
A 415 413 127.167 -1
A 415 585 296.682 -1
A 416 32 15.689 -1
A 416 417 130.558 -1
A 416 419 43.719 -1
A 417 416 130.558 -1
A 418 411 33.070 -1
A 418 419 4.451 -1
A 418 469 73.372 128
A 419 416 43.719 -1
A 419 418 4.451 -1
A 419 420 118.163 -1
A 420 419 118.163 -1
A 421 240 65.017 -1
A 421 275 15.050 121
A 421 422 97.828 -1
A 422 421 97.828 -1
A 423 224 122.899 134
A 423 429 58.218 -1
A 423 424 362.210 -1
A 424 423 362.210 -1
A 425 600 23.457 134
A 425 593 76.259 -1
A 425 426 225.913 -1
A 426 425 225.913 -1
A 427 581 11.034 -1
A 427 474 37.213 117
A 427 579 23.994 72
A 428 473 75.244 -1
A 429 423 58.218 134
A 429 600 14.948 -1
A 429 431 126.468 -1
A 430 431 47.207 -1
A 431 429 126.468 -1
A 431 430 47.207 -1
A 431 432 46.308 -1
A 432 431 46.308 -1
A 433 243 63.081 -1
A 433 245 35.866 -1
A 433 434 67.598 -1
A 434 433 67.598 -1
A 435 241 179.647 -1
A 436 2 16.134 -1
A 436 602 3.052 -1
A 436 437 156.430 -1
A 437 436 156.430 -1
A 438 2 174.356 -1
A 438 163 157.859 -1
A 438 439 132.067 -1
A 439 438 132.067 -1
A 440 231 46.763 134
A 440 487 84.340 120
A 440 486 177.026 -1
A 441 29 456.712 134
A 441 278 212.641 -1
A 441 442 44.605 -1
A 442 441 44.605 -1
A 443 488 54.757 -1
A 444 203 72.244 -1
A 444 498 23.099 20
A 444 499 24.250 -1
A 445 170 831.738 -1
A 446 66 67.045 -1
A 447 50 210.978 40
A 447 66 62.736 -1
A 447 730 267.310 4
A 448 53 212.015 49
A 448 64 61.462 50
A 448 67 63.089 -1
A 448 449 192.872 -1
A 449 448 192.872 -1
A 450 451 20.220 -1
A 450 499 42.153 -1
A 450 452 22.560 74
A 451 450 20.220 74
A 451 489 21.591 73
A 451 496 156.255 -1
A 452 450 22.560 -1
A 452 496 486.256 73
A 452 489 17.020 74
A 453 693 131.643 -1
A 454 98 203.519 133
A 454 99 68.405 -1
A 454 455 111.005 -1
A 455 454 111.005 -1
A 456 673 260.397 -1
A 457 97 18.453 55
A 457 673 5.900 133
A 457 458 227.493 -1
A 458 457 227.493 -1
A 459 736 287.298 -1
A 459 609 46.730 134
A 459 460 137.924 -1
A 460 459 137.924 -1
A 461 96 195.423 -1
A 461 736 541.006 134
A 461 462 218.837 -1
A 462 461 218.837 -1
A 463 170 20.046 -1
A 463 173 17.003 104
A 463 174 504.543 -1
A 464 186 580.808 -1
A 464 618 29.039 -1
A 464 620 22.861 21
A 465 225 57.111 129
A 465 226 118.689 -1
A 465 466 85.799 33
A 466 30 54.154 33
A 466 465 85.799 129
A 466 662 8.867 -1
A 467 170 68.966 104
A 467 171 35.408 52
A 467 74 82.237 -1
A 468 469 92.936 -1
A 468 647 58.341 128
A 469 418 73.372 -1
A 469 468 92.936 128
A 470 653 377.217 -1
A 471 122 93.516 -1
A 471 592 81.513 -1
A 471 590 177.251 -1
A 472 224 116.558 120
A 472 650 44.593 -1
A 472 487 112.278 134
A 473 428 75.244 -1
A 473 581 350.587 92
A 473 576 324.894 -1
A 474 3 270.364 117
A 474 4 24.222 -1
A 474 427 37.213 -1
A 475 373 411.051 -1
A 475 672 4.671 19
A 476 43 66.538 -1
A 476 48 58.717 47
A 476 60 211.501 38
A 477 381 31.439 -1
A 478 328 20.960 -1
A 478 330 87.776 110
A 478 720 32.436 -1
A 479 480 100.534 -1
A 480 9 38.451 -1
A 480 479 100.534 -1
A 480 624 19.896 -1
A 481 9 105.715 -1
A 482 483 105.508 -1
A 483 9 23.299 -1
A 483 338 56.076 -1
A 483 482 105.508 -1
A 484 344 25.631 -1
A 484 348 64.968 -1
A 484 485 100.796 -1
A 485 484 100.796 -1
A 486 440 177.026 -1
A 487 440 84.340 134
A 487 472 112.278 120
A 487 500 177.192 -1
A 488 29 44.161 125
A 488 443 54.757 -1
A 488 564 407.548 134
A 489 451 21.591 74
A 489 452 17.020 73
A 489 497 69.081 -1
A 490 16 50.969 114
A 490 128 94.678 -1
A 491 14 89.878 -1
A 492 315 66.171 17
A 492 317 85.565 -1
A 492 628 12.143 -1
A 493 189 104.626 14
A 493 190 35.350 -1
A 493 191 47.060 -1
A 494 190 59.297 -1
A 495 496 65.944 -1
A 496 451 156.255 73
A 496 452 486.256 -1
A 496 495 65.944 -1
A 497 489 69.081 -1
A 498 444 23.099 -1
A 498 80 2267.131 -1
A 498 499 23.620 20
A 499 444 24.250 20
A 499 450 42.153 -1
A 499 498 23.620 -1
A 500 487 177.192 -1
A 501 193 154.417 -1
A 502 346 37.490 -1
A 503 504 221.648 -1
A 504 154 332.938 130
A 504 503 221.648 -1
A 504 102 158.646 122
A 505 304 436.874 -1
A 506 288 45.244 -1
A 506 658 22.839 -1
A 507 24 228.389 -1
A 508 25 302.221 -1
A 509 26 245.679 -1
A 510 222 54.462 131
A 510 302 43.229 134
A 510 551 29.905 -1
A 511 512 202.780 -1
A 512 511 202.780 -1
A 512 533 107.633 -1
A 512 656 161.349 133
A 513 514 133.707 -1
A 514 138 55.713 -1
A 514 513 133.707 -1
A 514 537 64.479 133
A 515 516 16.943 -1
A 515 556 84.242 -1
A 515 636 199.671 -1
A 516 100 115.995 -1
A 516 515 16.943 -1
A 516 646 135.717 -1
A 517 213 237.444 -1
A 518 304 246.831 131
A 518 563 100.194 124
A 518 538 44.823 -1
A 519 520 9.434 93
A 519 530 62.290 94
A 519 522 59.076 121
A 519 571 58.291 -1
A 520 519 9.434 94
A 520 526 211.660 93
A 520 521 47.676 75
A 521 520 47.676 94
A 521 529 12.124 76
A 521 527 11.703 75
A 522 519 59.076 93
A 522 525 216.404 121
A 522 523 20.359 -1
A 523 522 20.359 -1
A 524 240 85.161 121
A 524 273 186.064 -1
A 524 525 21.765 134
A 525 522 216.404 93
A 525 524 21.765 121
A 525 526 130.545 134
A 526 520 211.660 75
A 526 525 130.545 93
A 526 527 241.294 134
A 527 521 11.703 76
A 527 526 241.294 75
A 527 528 29.588 134
A 528 283 122.326 134
A 528 527 29.588 76
A 528 529 29.360 107
A 529 521 12.124 94
A 529 528 29.360 76
A 529 530 5.207 107
A 530 519 62.290 121
A 530 529 5.207 94
A 530 560 191.420 107
A 531 532 179.311 -1
A 532 138 104.825 133
A 532 142 274.041 114
A 532 531 179.311 -1
A 533 512 107.633 133
A 533 554 115.054 -1
A 533 537 43.936 -1
A 534 535 95.753 -1
A 534 536 43.163 -1
A 534 537 223.223 -1
A 535 534 95.753 -1
A 536 534 43.163 -1
A 537 514 64.479 -1
A 537 533 43.936 133
A 537 534 223.223 -1
A 538 518 44.823 -1
A 539 540 153.088 -1
A 540 152 247.231 124
A 540 156 224.205 64
A 540 539 153.088 -1
A 540 541 39.827 112
A 541 150 54.046 112
A 541 154 211.933 122
A 541 540 39.827 64
A 542 543 96.884 -1
A 543 210 20.147 116
A 543 212 35.562 134
A 543 542 96.884 -1
A 544 545 71.097 -1
A 545 22 150.641 87
A 545 214 26.362 97
A 545 544 71.097 -1
A 546 547 135.924 -1
A 547 24 48.521 134
A 547 302 64.956 133
A 547 546 135.924 -1
A 548 553 53.015 -1
A 549 551 45.564 -1
A 550 551 51.095 -1
A 551 510 29.905 -1
A 551 549 45.564 -1
A 551 550 51.095 -1
A 551 553 36.854 -1
A 552 553 201.077 -1
A 553 548 53.015 -1
A 553 551 36.854 -1
A 553 552 201.077 -1
A 554 533 115.054 -1
A 555 556 147.638 -1
A 556 18 47.531 -1
A 556 515 84.242 -1
A 556 555 147.638 -1
A 557 10 7.765 -1
A 557 127 71.728 122
A 557 135 169.117 -1
A 558 559 150.211 -1
A 559 558 150.211 -1
A 559 711 191.845 134
A 559 712 244.876 113
A 560 275 368.263 134
A 560 285 282.799 107
A 560 530 191.420 121
A 561 314 24.542 70
A 561 724 43.050 -1
A 561 568 48.759 -1
A 562 563 162.721 -1
A 563 303 49.801 124
A 563 518 100.194 131
A 563 562 162.721 -1
A 564 280 436.721 -1
A 564 282 64.352 134
A 564 488 407.548 125
A 565 153 161.559 63
A 565 305 41.789 131
A 565 680 29.641 124
A 566 568 17.079 -1
A 567 568 18.043 -1
A 568 561 48.759 -1
A 568 566 17.079 -1
A 568 567 18.043 -1
A 569 244 66.876 -1
A 569 249 86.986 -1
A 569 570 32.592 -1
A 570 569 32.592 -1
A 571 519 58.291 -1
A 572 573 15.250 -1
A 573 3 60.873 -1
A 573 572 15.250 -1
A 573 574 50.829 0
A 574 3 5.682 0
A 574 573 50.829 -1
A 574 577 9.722 117
A 575 130 80.562 -1
A 576 473 324.894 92
A 576 577 31.756 -1
A 576 598 85.740 117
A 577 163 199.129 -1
A 577 574 9.722 -1
A 577 576 31.756 117
A 578 579 43.902 -1
A 579 427 23.994 117
A 579 578 43.902 -1
A 579 580 49.892 72
A 580 579 49.892 117
A 580 598 157.985 92
A 580 581 67.010 72
A 581 427 11.034 72
A 581 473 350.587 -1
A 581 580 67.010 92
A 582 136 29.442 -1
A 583 584 141.601 -1
A 584 99 30.486 133
A 584 583 141.601 -1
A 584 656 74.215 -1
A 585 415 296.682 -1
A 586 587 100.314 -1
A 587 1 162.875 -1
A 587 586 100.314 -1
A 588 589 18.503 -1
A 589 588 18.503 -1
A 589 592 89.856 -1
A 590 471 177.251 -1
A 591 592 189.057 -1
A 592 471 81.513 -1
A 592 589 89.856 -1
A 592 591 189.057 -1
A 593 425 76.259 134
A 593 596 7.713 -1
A 593 594 56.913 -1
A 594 593 56.913 -1
A 595 596 85.823 -1
A 596 4 26.438 -1
A 596 593 7.713 134
A 596 595 85.823 -1
A 597 598 67.609 -1
A 598 576 85.740 92
A 598 580 157.985 117
A 598 597 67.609 -1
A 599 600 95.466 -1
A 600 425 23.457 -1
A 600 429 14.948 134
A 600 599 95.466 -1
A 601 602 99.721 -1
A 602 122 136.502 -1
A 602 436 3.052 -1
A 602 601 99.721 -1
A 603 610 49.019 -1
A 604 610 52.728 134
A 604 608 124.573 77
A 604 606 139.705 -1
A 605 607 82.929 -1
A 606 604 139.705 -1
A 607 605 82.929 -1
A 607 610 36.518 77
A 607 608 96.479 134
A 608 604 124.573 134
A 608 607 96.479 77
A 608 609 16.178 134
A 609 4 179.848 134
A 609 459 46.730 -1
A 609 608 16.178 134
A 610 603 49.019 -1
A 610 604 52.728 77
A 610 607 36.518 134
A 611 33 75.412 125
A 611 615 35.750 22
A 611 616 110.990 -1
A 612 614 43.907 -1
A 613 614 71.973 -1
A 614 612 43.907 -1
A 614 613 71.973 -1
A 614 615 13.341 -1
A 615 611 35.750 125
A 615 614 13.341 -1
A 615 616 83.897 22
A 616 29 277.443 -1
A 616 611 110.990 22
A 616 615 83.897 125
A 617 86 55.861 111
A 617 87 15.927 54
A 617 686 42.822 53
A 618 464 29.039 21
A 618 619 12.382 -1
A 618 620 41.550 78
A 619 178 13.293 -1
A 619 618 12.382 78
A 619 621 53.488 12
A 620 464 22.861 -1
A 620 618 41.550 21
A 620 621 10.003 78
A 621 178 91.892 12
A 621 619 53.488 78
A 621 620 10.003 -1
A 622 12 247.159 130
A 622 327 62.335 -1
A 622 623 47.459 -1
A 623 622 47.459 -1
A 624 14 57.911 -1
A 624 480 19.896 -1
A 624 625 79.893 -1
A 625 624 79.893 -1
A 626 341 40.892 -1
A 626 348 47.670 -1
A 627 316 14.846 -1
A 628 492 12.143 -1
A 629 109 149.844 132
A 629 630 121.908 130
A 630 383 4.660 130
A 630 629 121.908 132
A 631 632 214.437 -1
A 632 631 214.437 -1
A 632 633 16.208 -1
A 632 669 8.650 -1
A 633 632 16.208 -1
A 634 104 356.942 130
A 634 103 10.063 56
A 634 669 5.473 88
A 635 335 151.531 -1
A 636 515 199.671 -1
A 637 638 63.010 -1
A 637 640 21.177 -1
A 637 641 78.181 23
A 638 637 63.010 23
A 638 641 71.748 -1
A 638 639 99.641 -1
A 639 638 99.641 -1
A 640 637 21.177 -1
A 641 16 32.370 -1
A 641 637 78.181 -1
A 641 638 71.748 23
A 642 643 122.804 -1
A 643 17 92.011 133
A 643 19 70.492 134
A 643 642 122.804 -1
A 644 17 97.764 -1
A 645 370 156.544 -1
A 646 516 135.717 -1
A 647 397 347.585 128
A 647 468 58.341 -1
A 647 651 109.049 -1
A 648 224 109.805 -1
A 648 230 88.723 120
A 648 649 60.210 -1
A 649 648 60.210 -1
A 650 472 44.593 -1
A 651 647 109.049 -1
A 651 653 125.211 -1
A 651 652 62.984 -1
A 652 651 62.984 -1
A 653 470 377.217 -1
A 653 651 125.211 -1
A 653 654 79.043 -1
A 654 653 79.043 -1
A 655 133 183.653 -1
A 656 512 161.349 -1
A 656 584 74.215 133
A 656 657 46.234 -1
A 657 656 46.234 -1
A 658 506 22.839 -1
A 659 660 37.969 -1
A 660 227 26.925 -1
A 660 659 37.969 -1
A 660 662 37.565 -1
A 661 662 73.330 -1
A 662 466 8.867 -1
A 662 660 37.565 -1
A 662 661 73.330 -1
A 663 665 66.808 -1
A 664 164 25.970 -1
A 664 665 60.044 -1
A 665 663 66.808 -1
A 665 664 60.044 -1
A 666 91 53.639 -1
A 666 201 8.644 -1
A 666 202 9.323 91
A 667 668 133.611 -1
A 668 372 89.389 57
A 668 667 133.611 -1
A 668 371 8.952 131
A 669 113 426.811 88
A 669 372 17.740 131
A 669 632 8.650 -1
A 669 634 5.473 56
A 670 171 6.519 104
A 670 173 110.486 -1
A 671 698 16.819 106
A 671 675 108.920 -1
A 672 196 2510.570 -1
A 672 373 415.486 19
A 672 475 4.671 -1
A 673 456 260.397 -1
A 673 457 5.900 55
A 673 674 16.650 133
A 674 96 133.881 133
A 674 97 5.551 -1
A 674 673 16.650 55
A 675 357 78.823 79
A 675 671 108.920 106
A 675 77 32.747 -1
A 675 676 10.194 5
A 676 73 165.983 -1
A 676 77 32.252 5
A 676 675 10.194 79
A 676 353 85.684 95
A 677 696 76.109 80
A 677 692 80.842 24
A 677 699 11.005 108
A 678 208 118.054 123
A 678 213 99.759 134
A 678 727 65.046 -1
A 679 680 74.405 -1
A 680 304 183.349 124
A 680 565 29.641 131
A 680 679 74.405 -1
A 681 685 43.442 25
A 681 682 11.718 26
A 681 705 25.362 99
A 682 681 11.718 25
A 682 683 10.289 98
A 682 685 50.764 81
A 682 705 31.289 26
A 683 682 10.289 81
A 683 698 54.233 109
A 683 694 48.211 98
A 684 198 66.116 99
A 684 353 51.221 67
A 684 75 2.969 95
A 685 681 43.442 99
A 685 682 50.764 25
A 685 198 7.188 106
A 685 698 14.608 81
A 686 700 9.608 126
A 686 699 23.855 53
A 686 617 42.822 54
A 686 687 20.451 108
A 687 686 20.451 126
A 687 688 83.759 27
A 687 695 74.049 108
A 688 687 83.759 126
A 688 693 156.867 126
A 688 695 13.068 27
A 688 689 37.206 28
A 689 695 40.428 28
A 689 688 37.206 126
A 689 690 35.135 82
A 690 689 35.135 126
A 690 691 57.046 83
A 690 692 46.304 82
A 691 690 57.046 126
A 691 83 97.324 100
A 691 696 101.162 83
A 692 677 80.842 108
A 692 690 46.304 83
A 692 695 8.404 82
A 692 696 13.996 24
A 693 453 131.643 -1
A 693 688 156.867 126
A 693 694 110.850 -1
A 694 73 12.948 98
A 694 683 48.211 109
A 694 693 110.850 -1
A 695 688 13.068 28
A 695 689 40.428 82
A 695 692 8.404 108
A 695 687 74.049 27
A 696 677 76.109 24
A 696 692 13.996 83
A 696 691 101.162 100
A 696 697 15.113 80
A 697 373 1076.291 129
A 697 696 15.113 100
A 697 699 87.319 80
A 698 42 34.073 109
A 698 671 16.819 -1
A 698 683 54.233 81
A 698 685 14.608 106
A 699 86 34.448 53
A 699 686 23.855 108
A 699 697 87.319 129
A 699 677 11.005 80
A 700 89 99.253 126
A 700 686 9.608 54
A 700 87 55.989 -1
A 701 201 1470.308 91
A 701 704 272.579 -1
A 701 702 31.854 84
A 702 202 1476.913 -1
A 702 701 31.854 91
A 702 703 268.483 84
A 703 702 268.483 -1
A 703 704 30.207 84
A 704 701 272.579 84
A 704 703 30.207 -1
A 705 75 5.062 99
A 705 682 31.289 98
A 705 681 25.362 26
A 706 61 178.826 -1
A 707 39 190.701 37
A 707 225 177.089 34
A 707 708 88.115 132
A 708 27 51.872 -1
A 708 30 175.298 132
A 708 707 88.115 34
A 709 19 93.818 -1
A 710 112 5.361 101
A 710 210 173.347 134
A 710 717 154.092 116
A 710 711 111.743 58
A 711 559 191.845 113
A 711 710 111.743 134
A 711 117 32.984 58
A 711 716 63.323 62
A 712 115 18.856 59
A 712 121 273.035 8
A 712 559 244.876 134
A 712 713 22.825 113
A 713 352 3.628 71
A 713 712 22.825 59
A 713 714 73.952 113
A 714 713 73.952 71
A 714 351 9.440 60
A 714 715 146.998 113
A 715 116 9.367 61
A 715 714 146.998 60
A 715 716 102.589 113
A 716 711 63.323 113
A 716 715 102.589 61
A 716 350 3.910 62
A 717 217 83.342 -1
A 717 218 3.388 90
A 717 710 154.092 101
A 717 718 47.217 116
A 718 114 2.395 7
A 718 208 202.726 116
A 718 717 47.217 90
A 718 719 2.468 123
A 719 113 6.355 1
A 719 114 2.004 89
A 719 718 2.468 7
A 719 23 15.674 123
A 720 478 32.436 -1
A 721 722 62.666 -1
A 722 314 157.842 -1
A 722 721 62.666 -1
A 722 724 37.641 70
A 723 724 66.211 -1
A 724 561 43.050 70
A 724 722 37.641 -1
A 724 723 66.211 -1
A 725 2 229.000 -1
A 726 727 120.760 -1
A 727 678 65.046 -1
A 727 726 120.760 -1
A 727 728 141.703 -1
A 728 727 141.703 -1
A 729 730 71.313 -1
A 730 50 60.723 4
A 730 447 267.310 -1
A 730 729 71.313 -1
A 730 731 58.386 -1
A 731 55 37.639 -1
A 731 730 58.386 -1
A 731 732 146.406 -1
A 732 731 146.406 -1
A 733 734 104.710 -1
A 734 51 212.348 44
A 734 66 63.333 39
A 734 68 60.719 -1
A 734 733 104.710 -1
A 735 45 58.746 42
A 735 47 64.793 -1
A 735 61 212.429 45
A 736 459 287.298 134
A 736 461 541.006 -1
