496 1192 98
N 0 -22.995852 -43.594071 -1
N 1 -22.984741 -43.569083 0,86
N 2 -22.985051 -43.571860 97
N 3 -22.974406 -43.589408 96
N 4 -22.988631 -43.592739 96,69,22
N 5 -22.974227 -43.590691 96,23
N 6 -22.990976 -43.593722 59,69,94
N 7 -22.973976 -43.592468 96
N 8 -22.978376 -43.580466 97
N 9 -22.978282 -43.578889 97
N 10 -22.979793 -43.585014 89,95
N 11 -22.979757 -43.583839 24,60,70,95
N 12 -22.980353 -43.586872 89,1,95
N 13 -22.978677 -43.581259 97
N 14 -22.978181 -43.576419 97
N 15 -22.978302 -43.577643 97
N 16 -22.987904 -43.596121 -1
N 17 -22.991138 -43.597494 -1
N 18 -22.996328 -43.589901 97,91
N 19 -22.989805 -43.596931 96,25,26,94
N 20 -22.992238 -43.595186 -1
N 21 -22.994005 -43.593562 91,2,27
N 22 -22.988343 -43.593529 96,28,69
N 23 -22.991946 -43.595998 -1
N 24 -22.990685 -43.594520 28,69,94
N 25 -22.989570 -43.577600 97
N 26 -22.990392 -43.595330 28,29,94
N 27 -22.988050 -43.594312 96,28,29
N 28 -22.989541 -43.597633 96,94
N 29 -22.987751 -43.596877 -1
N 30 -22.993184 -43.597747 80
N 31 -22.994072 -43.597007 80,68,71
N 32 -22.994048 -43.597220 72,68,71
N 33 -22.994403 -43.596318 80
N 34 -22.993997 -43.598891 3
N 35 -22.972776 -43.589137 -1
N 36 -22.991149 -43.599795 73
N 37 -22.991442 -43.599768 -1
N 38 -22.992583 -43.597788 73,92
N 39 -22.993189 -43.594756 81,59,94
N 40 -22.993326 -43.594167 81,59,27
N 41 -22.993476 -43.595037 81,30,94
N 42 -22.994026 -43.594791 81,31
N 43 -22.994027 -43.594330 81,2
N 44 -22.994676 -43.595513 92
N 45 -22.996037 -43.594333 -1
N 46 -22.999550 -43.582536 -1
N 47 -22.999383 -43.582875 -1
N 48 -22.999544 -43.582906 -1
N 49 -22.999676 -43.581624 -1
N 50 -22.999834 -43.581669 -1
N 51 -22.977160 -43.575054 97
N 52 -22.975909 -43.575144 32
N 53 -22.974966 -43.574641 -1
N 54 -22.977635 -43.589659 33,34
N 55 -22.980128 -43.587637 84,61
N 56 -22.980268 -43.587297 84,61,62
N 57 -22.980649 -43.587217 84,62,63
N 58 -22.980835 -43.587357 74,4,84
N 59 -22.980866 -43.587848 96,84,93
N 60 -22.980269 -43.587956 96,84
N 61 -22.980899 -43.587482 4,93,84
N 62 -22.981466 -43.587798 74,4,93
N 63 -22.981914 -43.588099 74,35,93
N 64 -22.980368 -43.587013 1,61,62,95
N 65 -22.980434 -43.587022 5,62,63
N 66 -22.985417 -43.590688 36,93,6
N 67 -22.983673 -43.589342 93,37,38
N 68 -22.982524 -43.588498 35,93,39
N 69 -22.987944 -43.593375 -1
N 70 -22.987607 -43.594141 -1
N 71 -22.987276 -43.592171 96,93,22
N 72 -22.987324 -43.591944 97,6,7,22,93
N 73 -22.972708 -43.582920 -1
N 74 -22.972862 -43.583773 75
N 75 -22.972963 -43.584364 75
N 76 -22.973039 -43.584858 82,75
N 77 -22.973089 -43.585146 82
N 78 -22.973206 -43.572508 -1
N 79 -22.973208 -43.585902 82
N 80 -22.973519 -43.582728 -1
N 81 -22.973337 -43.586676 82
N 82 -22.973365 -43.583653 40,75
N 83 -22.973462 -43.584772 82,75,90
N 84 -22.973434 -43.584273 40,90,75
N 85 -22.973788 -43.589227 41
N 86 -22.974037 -43.566193 -1
N 87 -22.974156 -43.589287 41,90
N 88 -22.974224 -43.584604 -1
N 89 -22.974278 -43.571389 -1
N 90 -22.974493 -43.572502 -1
N 91 -22.974482 -43.572631 -1
N 92 -22.976371 -43.572623 -1
N 93 -22.976456 -43.571578 -1
N 94 -22.985398 -43.567146 -1
N 95 -22.985760 -43.567495 -1
N 96 -22.986384 -43.567450 76
N 97 -22.987656 -43.567806 76
N 98 -22.987738 -43.567793 -1
N 99 -22.990041 -43.565997 8,76
N 100 -22.990319 -43.567958 9,76
N 101 -22.994056 -43.602555 -1
N 102 -22.973425 -43.596854 -1
N 103 -22.973751 -43.594205 -1
N 104 -22.974906 -43.594437 10
N 105 -22.974994 -43.593815 10
N 106 -22.975723 -43.593960 -1
N 107 -22.976150 -43.597364 -1
N 108 -22.976870 -43.596116 -1
N 109 -22.977384 -43.595485 96
N 110 -22.992373 -43.594138 91,59,42,27
N 111 -22.993662 -43.597729 72,43,77
N 112 -22.993477 -43.594080 81,2,27
N 113 -22.999304 -43.583008 -1
N 114 -22.999350 -43.583021 64
N 115 -22.999506 -43.583065 64
N 116 -22.999548 -43.583077 -1
N 117 -22.989160 -43.592953 44,69,22,7
N 118 -22.989584 -43.591834 97,44,7
N 119 -22.989957 -43.593282 42,59,44,69
N 120 -22.990465 -43.591803 97,42,44
N 121 -22.981519 -43.585402 89,85,97
N 122 -22.983144 -43.586469 -1
N 123 -22.982442 -43.586960 97,85
N 124 -22.982853 -43.586095 -1
N 125 -22.982166 -43.586505 97,85
N 126 -22.982681 -43.583689 89,97
N 127 -22.981239 -43.583208 11,60,70
N 128 -22.982002 -43.586218 97,85
N 129 -22.982405 -43.585986 -1
N 130 -22.981354 -43.586728 -1
N 131 -22.980765 -43.587283 74,84,63
N 132 -22.979807 -43.584741 89,70,95
N 133 -22.982641 -43.583571 89,70,97
N 134 -22.981082 -43.582343 97,11,60
N 135 -22.979602 -43.583060 24,97,60,95
N 136 -22.982034 -43.582878 97,11,70
N 137 -22.986871 -43.574404 97,87
N 138 -22.990097 -43.596140 25,26,29,94
N 139 -22.991565 -43.596775 -1
N 140 -22.990872 -43.597387 -1
N 141 -22.990729 -43.597760 -1
N 142 -22.986975 -43.578113 -1
N 143 -22.987958 -43.575943 97,87
N 144 -22.986544 -43.577092 97,87
N 145 -22.988233 -43.576353 97
N 146 -22.987418 -43.576591 97,87
N 147 -22.987085 -43.576200 -1
N 148 -22.987203 -43.576820 97,87
N 149 -22.986682 -43.576294 -1
N 150 -22.986763 -43.577503 -1
N 151 -22.987057 -43.577563 -1
N 152 -22.987490 -43.577557 -1
N 153 -22.992274 -43.580874 88
N 154 -22.992254 -43.579051 -1
N 155 -22.993989 -43.577879 -1
N 156 -22.993015 -43.578310 -1
N 157 -22.992038 -43.576372 -1
N 158 -22.992336 -43.578927 -1
N 159 -22.993391 -43.579033 -1
N 160 -22.993323 -43.577898 -1
N 161 -22.992398 -43.576115 -1
N 162 -22.992703 -43.577690 -1
N 163 -22.993097 -43.577449 -1
N 164 -22.994926 -43.576324 -1
N 165 -22.993682 -43.577644 -1
N 166 -22.993461 -43.577211 -1
N 167 -22.992759 -43.575845 -1
N 168 -22.994038 -43.577413 -1
N 169 -22.993826 -43.576994 -1
N 170 -22.993118 -43.575598 -1
N 171 -22.994369 -43.577092 -1
N 172 -22.994197 -43.576781 -1
N 173 -22.993485 -43.575370 -1
N 174 -22.994754 -43.576973 -1
N 175 -22.994559 -43.576550 -1
N 176 -22.993856 -43.575158 -1
N 177 -22.995124 -43.576705 -1
N 178 -22.994238 -43.574956 -1
N 179 -22.989931 -43.577869 97
N 180 -22.990299 -43.576887 -1
N 181 -22.990173 -43.578058 97
N 182 -22.989704 -43.578995 -1
N 183 -22.989797 -43.578276 -1
N 184 -22.990034 -43.578615 -1
N 185 -22.988975 -43.579411 -1
N 186 -22.990757 -43.578800 97
N 187 -22.989180 -43.580497 -1
N 188 -22.992780 -43.581431 88,97
N 189 -22.993990 -43.582702 97
N 190 -22.995437 -43.581570 -1
N 191 -22.994721 -43.583638 97
N 192 -22.996775 -43.582869 -1
N 193 -22.993412 -43.588198 -1
N 194 -22.992322 -43.592834 97,91
N 195 -22.993506 -43.592318 97,91
N 196 -22.989061 -43.581848 97,78
N 197 -22.989793 -43.581659 -1
N 198 -22.988538 -43.583380 97,78
N 199 -22.985938 -43.581417 -1
N 200 -22.980230 -43.586547 89,95
N 201 -22.979367 -43.586825 -1
N 202 -22.979115 -43.585159 -1
N 203 -22.978285 -43.585347 -1
N 204 -22.979273 -43.586211 -1
N 205 -22.978488 -43.586350 -1
N 206 -22.979664 -43.586130 -1
N 207 -22.978637 -43.586324 -1
N 208 -22.978550 -43.585669 -1
N 209 -22.979298 -43.583919 24,45,95
N 210 -22.978715 -43.584792 12,95
N 211 -22.979029 -43.584739 12,45,95
N 212 -22.978665 -43.583520 12,45,95
N 213 -22.978330 -43.584888 -1
N 214 -22.978953 -43.583440 24,45,95
N 215 -22.979156 -43.582238 97,95
N 216 -22.975749 -43.589600 90,95
N 217 -22.975109 -43.585788 90,95
N 218 -22.974610 -43.583367 40,95
N 219 -22.974166 -43.581737 -1
N 220 -22.975353 -43.589591 96
N 221 -22.975209 -43.590580 -1
N 222 -22.975763 -43.589668 96
N 223 -22.977693 -43.589762 96
N 224 -22.976162 -43.591959 -1
N 225 -22.974124 -43.591569 96,23
N 226 -22.973855 -43.593373 -1
N 227 -22.973296 -43.593298 -1
N 228 -22.973635 -43.593346 13,14
N 229 -22.973533 -43.593970 14
N 230 -22.973436 -43.593322 13,14
N 231 -22.973967 -43.592517 -1
N 232 -22.972601 -43.590637 -1
N 233 -22.973226 -43.590740 -1
N 234 -22.972978 -43.590701 -1
N 235 -22.973265 -43.590245 -1
N 236 -22.983137 -43.588947 93,38,39
N 237 -22.984649 -43.590085 93,37,46
N 238 -22.985223 -43.590534 36,93,46
N 239 -22.994072 -43.597749 43,68,53
N 240 -22.994659 -43.583540 97
N 241 -22.991998 -43.592473 97,42,91
N 242 -22.993639 -43.584955 -1
N 243 -22.993798 -43.597843 43,77,53
N 244 -22.986691 -43.567140 -1
N 245 -22.986728 -43.567395 -1
N 246 -22.986764 -43.567668 -1
N 247 -22.988938 -43.566199 76
N 248 -22.989078 -43.567075 -1
N 249 -22.990211 -43.567129 8,9,76
N 250 -22.990626 -43.567062 8,9
N 251 -22.974521 -43.591640 96,23
N 252 -22.974636 -43.590782 96,23
N 253 -22.974906 -43.590810 -1
N 254 -22.975648 -43.590443 -1
N 255 -22.976778 -43.589928 96
N 256 -22.976821 -43.589823 34,95
N 257 -22.977556 -43.589621 33,34,95
N 258 -22.987647 -43.604422 73,94
N 259 -22.997845 -43.590273 -1
N 260 -22.999059 -43.590462 -1
N 261 -22.972966 -43.595924 -1
N 262 -22.973364 -43.597322 -1
N 263 -22.973506 -43.595979 -1
N 264 -22.974270 -43.596380 -1
N 265 -22.974532 -43.596381 -1
N 266 -22.974570 -43.596142 -1
N 267 -22.978962 -43.596650 96
N 268 -22.978965 -43.589383 96
N 269 -22.979069 -43.596746 96
N 270 -22.980446 -43.591320 -1
N 271 -22.981888 -43.592822 -1
N 272 -22.984728 -43.601793 96,94
N 273 -22.974832 -43.596440 -1
N 274 -22.977160 -43.593008 -1
N 275 -22.977402 -43.592732 -1
N 276 -22.977747 -43.598557 -1
N 277 -22.977761 -43.593364 -1
N 278 -22.978613 -43.593299 -1
N 279 -22.987022 -43.603850 94
N 280 -22.992681 -43.581330 88
N 281 -22.992986 -43.580528 -1
N 282 -22.986205 -43.573447 97
N 283 -22.988483 -43.571215 -1
N 284 -22.985672 -43.572702 97
N 285 -22.987010 -43.571041 -1
N 286 -22.985028 -43.571325 86,47
N 287 -22.986060 -43.570324 -1
N 288 -22.985882 -43.572999 97
N 289 -22.984726 -43.574136 -1
N 290 -22.985058 -43.573848 -1
N 291 -22.984815 -43.573481 -1
N 292 -22.992553 -43.578668 -1
N 293 -22.992171 -43.578154 -1
N 294 -22.991200 -43.577724 -1
N 295 -22.986017 -43.565759 -1
N 296 -22.986275 -43.576743 97,87
N 297 -22.995420 -43.585550 97
N 298 -22.995812 -43.585459 -1
N 299 -22.995959 -43.590421 -1
N 300 -22.999700 -43.582390 15
N 301 -23.000275 -43.582436 49
N 302 -23.000366 -43.582586 48,49
N 303 -23.000432 -43.582341 48,49
N 304 -22.993691 -43.596918 -1
N 305 -22.973154 -43.574392 -1
N 306 -22.973626 -43.575347 -1
N 307 -22.977365 -43.577113 -1
N 308 -22.975959 -43.575315 32
N 309 -22.976917 -43.577217 -1
N 310 -22.983048 -43.571742 97
N 311 -22.982651 -43.573019 -1
N 312 -22.978781 -43.574384 97
N 313 -22.979960 -43.575660 -1
N 314 -22.990570 -43.596358 25,94
N 315 -22.990258 -43.597125 25,94
N 316 -22.986186 -43.575244 97,87
N 317 -22.986652 -43.569991 65
N 318 -22.984925 -43.571667 86
N 319 -22.974849 -43.596194 -1
N 320 -22.985493 -43.578246 -1
N 321 -22.985706 -43.576199 97,87
N 322 -22.995944 -43.589896 97,91
N 323 -23.000507 -43.582474 48,49
N 324 -22.973717 -43.592706 13
N 325 -22.975308 -43.593870 10
N 326 -22.974470 -43.593706 -1
N 327 -23.001113 -43.583040 -1
N 328 -23.000819 -43.583582 48
N 329 -23.000567 -43.582807 -1
N 330 -22.999752 -43.582172 15
N 331 -22.999910 -43.582327 15
N 332 -22.985194 -43.577823 -1
N 333 -22.975503 -43.596320 -1
N 334 -22.977918 -43.584297 -1
N 335 -22.979137 -43.587189 -1
N 336 -22.980666 -43.580702 -1
N 337 -22.980364 -43.577388 -1
N 338 -22.980459 -43.577776 -1
N 339 -22.979354 -43.582601 97,95
N 340 -22.983985 -43.585503 -1
N 341 -22.975530 -43.588155 90,95
N 342 -22.990821 -43.581865 88,66,67
N 343 -22.990743 -43.581829 50,67,66
N 344 -22.990326 -43.581860 67,50,51
N 345 -22.991130 -43.581397 88,66
N 346 -22.990989 -43.581522 -1
N 347 -22.991798 -43.580223 88,97
N 348 -22.991652 -43.580365 88,97,66
N 349 -22.990855 -43.579900 97,50,66
N 350 -22.990251 -43.581780 97,50,51
N 351 -22.989998 -43.581864 97,51,78
N 352 -22.990249 -43.581944 67,51,78
N 353 -22.990276 -43.581985 88,67,78
N 354 -22.975133 -43.588233 -1
N 355 -22.975122 -43.586926 -1
N 356 -22.973782 -43.587135 41,82,90
N 357 -22.973428 -43.587194 41,82
N 358 -22.983095 -43.586319 -1
N 359 -22.982342 -43.586796 97,85
N 360 -22.980793 -43.582663 -1
N 361 -22.981021 -43.583308 60,70
N 362 -22.980073 -43.581394 -1
N 363 -22.978880 -43.581679 97
N 364 -22.979796 -43.581913 -1
N 365 -22.979787 -43.582911 -1
N 366 -22.979446 -43.582043 -1
N 367 -22.979609 -43.582510 -1
N 368 -22.981222 -43.581364 -1
N 369 -22.979928 -43.582411 -1
N 370 -22.984696 -43.587152 -1
N 371 -22.984527 -43.588608 97,83
N 372 -22.990281 -43.582961 88,97,78
N 373 -22.973111 -43.593180 -1
N 374 -22.977116 -43.588886 -1
N 375 -22.975669 -43.589122 90,95
N 376 -22.993552 -43.591692 97,91
N 377 -22.974741 -43.583750 40,90,95
N 378 -22.973312 -43.592720 -1
N 379 -22.972997 -43.592692 -1
N 380 -22.973159 -43.592707 -1
N 381 -22.992327 -43.576945 -1
N 382 -22.992080 -43.577117 -1
N 383 -22.991086 -43.582348 -1
N 384 -22.984295 -43.568813 -1
N 385 -22.984291 -43.568962 0
N 386 -22.984744 -43.569027 0,86
N 387 -22.985031 -43.568883 65,86
N 388 -22.984749 -43.568933 86
N 389 -22.984990 -43.570689 -1
N 390 -22.985026 -43.571091 86,47
N 391 -22.985236 -43.570684 65,86,47
N 392 -22.985105 -43.571257 65,47
N 393 -22.985240 -43.572122 97
N 394 -22.984873 -43.572509 -1
N 395 -22.985886 -43.571686 -1
N 396 -22.985197 -43.572064 97
N 397 -22.986133 -43.569135 -1
N 398 -22.985569 -43.569356 65,86
N 399 -22.986384 -43.572197 -1
N 400 -22.985801 -43.572882 97
N 401 -22.983932 -43.573176 -1
N 402 -22.983055 -43.572912 97,52
N 403 -22.984290 -43.572877 -1
N 404 -22.983751 -43.573630 -1
N 405 -22.983574 -43.572648 97,52
N 406 -22.983452 -43.571942 97,52
N 407 -22.983466 -43.571784 97
N 408 -22.983522 -43.573000 97,52
N 409 -22.994433 -43.592990 16,91
N 410 -22.994127 -43.592398 -1
N 411 -22.994032 -43.593101 -1
N 412 -22.994457 -43.592602 -1
N 413 -22.994557 -43.592673 16,91
N 414 -22.995058 -43.592145 16,91
N 415 -22.993941 -43.594916 81,30,31
N 416 -22.973664 -43.593999 -1
N 417 -22.973824 -43.592727 -1
N 418 -22.979323 -43.588901 96
N 419 -22.978995 -43.589351 96
N 420 -22.977914 -43.587765 -1
N 421 -22.977690 -43.589508 -1
N 422 -22.977655 -43.589354 -1
N 423 -22.977724 -43.589641 33,61
N 424 -22.977184 -43.579824 -1
N 425 -22.978263 -43.579577 97
N 426 -22.977768 -43.580119 -1
N 427 -22.977587 -43.590576 -1
N 428 -22.987487 -43.575243 87
N 429 -22.987097 -43.575649 -1
N 430 -22.986545 -43.575437 -1
N 431 -22.978995 -43.587028 -1
N 432 -22.990532 -43.597652 -1
N 433 -22.990643 -43.597301 -1
N 434 -22.990097 -43.597825 -1
N 435 -22.990333 -43.597156 -1
N 436 -22.986260 -43.567661 -1
N 437 -22.985793 -43.567746 -1
N 438 -22.986036 -43.568098 -1
N 439 -22.999425 -43.583042 64
N 440 -22.975734 -43.589465 -1
N 441 -22.976878 -43.589761 34,95
N 442 -22.977712 -43.589589 33,61,95
N 443 -22.993442 -43.597830 77
N 444 -22.976008 -43.575293 32
N 445 -22.975958 -43.575140 32
N 446 -22.993975 -43.598572 3,77,53
N 447 -22.994066 -43.598584 3,68,53
N 448 -22.993685 -43.595402 17,54,79
N 449 -22.982150 -43.584474 89,97
N 450 -22.975460 -43.583832 -1
N 451 -22.974816 -43.584027 90,95
N 452 -22.993848 -43.597374 72,18,19
N 453 -22.993772 -43.597295 18,19,71,55
N 454 -22.993705 -43.597225 80,71,55
N 455 -22.994049 -43.597249 72,43,68
N 456 -22.993603 -43.597701 72,18,77,55
N 457 -22.993882 -43.595329 79,92,30,31
N 458 -22.993863 -43.595528 20,92,79
N 459 -22.993704 -43.596254 20,21,92
N 460 -22.993537 -43.596568 56,92,21
N 461 -22.993332 -43.596538 56,57,92
N 462 -22.993037 -43.596979 73,57,92
N 463 -22.993538 -43.596145 56,17,79,57
N 464 -22.993956 -43.596554 92
N 465 -22.993995 -43.596912 80,71
N 466 -22.993603 -43.596187 56,20,21,79
N 467 -22.993425 -43.596086 73,17,54,57
N 468 -22.993302 -43.596022 73,54,94
N 469 -22.993475 -43.597670 80,77,55
N 470 -22.993670 -43.595296 54,94,30,79
N 471 -22.993969 -43.595328 92,31
N 472 -22.994373 -43.595877 64,58
N 473 -22.994497 -43.596084 64,58
N 474 -22.992855 -43.598007 58
N 475 -22.992719 -43.597826 58
N 476 -22.994008 -43.597197 72,19,71
N 477 -22.988614 -43.595510 96,26,29
N 478 -22.988334 -43.596316 96,26
N 479 -22.977591 -43.578722 -1
N 480 -22.981955 -43.588071 97,74,35,85
N 481 -22.982816 -43.588555 97,83,35,39
N 482 -22.985357 -43.590517 97,83,36,6
N 483 -22.985217 -43.590499 83,36,46
N 484 -22.984734 -43.590098 83,37,46
N 485 -22.983693 -43.589253 83,37,38
N 486 -22.983170 -43.588934 83,38,39
N 487 -22.980788 -43.587261 74,85,63
N 488 -22.980446 -43.587003 89,85,5,63
N 489 -22.980424 -43.587005 89,1,5,62
N 490 -22.972776 -43.592493 -1
N 491 -22.972726 -43.593138 -1
N 492 -22.983335 -43.585751 -1
N 493 -22.982586 -43.584898 -1
N 494 -22.983121 -43.585932 -1
N 495 -22.980670 -43.570873 97
A 0 44 197.295 -1
A 0 45 52.091 -1
A 0 113 1212.213 -1
A 1 386 5.682 86
A 1 318 270.364 -1
A 1 385 60.873 0
A 2 318 24.222 -1
A 2 407 179.848 -1
A 2 396 26.438 97
A 3 5 132.960 -1
A 3 220 106.968 96
A 3 35 183.337 -1
A 4 117 62.863 69
A 4 22 86.952 96
A 4 71 161.452 22
A 5 3 132.960 96
A 5 225 90.572 -1
A 5 252 46.524 23
A 6 24 87.877 69
A 6 39 274.658 94
A 6 119 122.006 59
A 7 225 93.491 96
A 7 231 5.163 -1
A 7 109 535.045 -1
A 8 13 87.865 -1
A 8 425 92.011 97
A 8 426 97.764 -1
A 9 15 127.544 97
A 9 425 70.492 -1
A 9 479 93.818 -1
A 10 202 76.833 -1
A 10 132 28.039 89
A 10 200 166.178 95
A 11 361 150.641 70
A 11 209 51.729 24
A 11 132 92.634 95
A 11 135 82.003 60
A 12 64 14.520 95
A 12 200 36.082 89
A 12 489 15.674 1
A 13 8 87.865 97
A 13 363 48.521 -1
A 13 336 228.389 -1
A 14 15 126.893 -1
A 14 51 181.984 97
A 14 337 302.221 -1
A 15 9 127.544 -1
A 15 14 126.893 97
A 15 338 245.679 -1
A 16 478 51.872 -1
A 17 140 31.624 -1
A 18 322 44.161 97
A 18 414 277.443 91
A 18 297 456.712 -1
A 19 315 54.154 94
A 19 138 87.214 25
A 19 28 77.619 96
A 19 478 175.298 26
A 20 24 185.685 -1
A 21 112 79.742 27
A 21 110 212.628 91
A 21 409 75.412 -1
A 21 43 80.210 2
A 22 4 86.952 69
A 22 27 86.530 96
A 22 69 47.057 -1
A 22 24 279.483 28
A 23 26 185.738 -1
A 24 6 87.877 94
A 24 20 185.685 -1
A 24 22 279.483 69
A 24 26 89.069 28
A 25 179 48.586 97
A 25 185 197.067 -1
A 25 145 197.359 -1
A 26 23 185.738 -1
A 26 24 89.069 94
A 26 27 280.535 28
A 26 138 89.247 29
A 27 22 86.530 28
A 27 26 280.535 29
A 27 70 52.228 -1
A 27 477 190.701 96
A 28 19 77.619 94
A 28 29 213.561 -1
A 28 272 690.276 96
A 29 28 213.561 -1
A 30 469 34.073 -1
A 30 33 199.387 80
A 30 37 283.598 -1
A 31 465 12.948 80
A 31 33 79.609 -1
A 31 447 165.983 68
A 31 32 22.170 71
A 32 476 5.062 71
A 32 31 22.170 68
A 32 455 2.969 72
A 33 30 199.387 -1
A 33 31 79.609 80
A 33 45 272.670 -1
A 34 101 375.550 -1
A 34 447 32.252 -1
A 34 446 32.747 3
A 35 232 154.882 -1
A 35 3 183.337 -1
A 36 258 615.861 73
A 36 37 47.960 -1
A 36 38 260.391 -1
A 37 36 47.960 -1
A 37 30 283.598 -1
A 38 36 260.391 73
A 38 44 331.113 -1
A 38 462 97.324 92
A 39 6 274.658 59
A 39 41 44.308 94
A 39 40 66.618 81
A 40 110 110.480 27
A 40 39 66.618 59
A 40 112 19.084 81
A 41 39 44.308 81
A 41 415 55.861 30
A 41 470 34.448 94
A 42 43 48.956 -1
A 42 415 15.927 81
A 42 471 55.989 31
A 43 42 48.956 81
A 43 21 80.210 -1
A 43 112 71.981 2
A 44 0 197.295 -1
A 44 471 99.253 -1
A 44 38 331.113 92
A 45 33 272.670 -1
A 45 259 470.724 -1
A 45 0 52.091 -1
A 46 439 53.639 -1
A 47 114 15.428 -1
A 47 49 132.128 -1
A 48 50 130.655 -1
A 48 115 16.833 -1
A 49 47 132.128 -1
A 50 48 130.655 -1
A 51 14 181.984 -1
A 51 312 195.423 97
A 51 445 133.881 -1
A 52 445 5.551 32
A 52 53 118.737 -1
A 52 308 18.453 -1
A 53 52 118.737 -1
A 53 91 215.746 -1
A 53 305 203.519 -1
A 54 257 9.691 33
A 54 256 92.089 34
A 54 423 10.063 -1
A 55 423 356.942 61
A 55 60 37.320 -1
A 55 56 39.306 84
A 56 55 39.306 61
A 56 57 45.039 84
A 56 64 31.482 62
A 57 65 31.383 63
A 57 56 45.039 62
A 57 131 14.537 84
A 58 131 10.996 74
A 58 61 14.554 84
A 58 62 84.353 4
A 59 71 851.759 96
A 59 61 38.891 93
A 59 60 76.348 84
A 60 55 37.320 84
A 60 59 76.348 96
A 60 418 149.844 -1
A 61 59 38.891 84
A 61 58 14.554 4
A 61 62 73.166 93
A 62 58 84.353 74
A 62 61 73.166 4
A 62 63 58.552 93
A 63 480 5.361 35
A 63 62 58.552 74
A 63 68 79.172 93
A 64 12 14.520 1
A 64 489 6.355 62
A 64 56 31.482 61
A 64 442 426.811 95
A 65 57 31.383 62
A 65 488 2.395 63
A 65 489 2.004 5
A 66 238 26.727 36
A 66 482 18.856 6
A 66 72 252.039 93
A 67 485 9.367 37
A 67 236 71.975 38
A 67 237 132.648 93
A 68 63 79.172 35
A 68 236 82.253 93
A 68 481 32.984 39
A 69 22 47.057 -1
A 70 27 52.228 -1
A 71 59 851.759 93
A 71 4 161.452 96
A 71 72 26.693 22
A 72 71 26.693 93
A 72 66 252.039 6
A 72 482 273.035 97
A 72 117 248.155 22
A 72 118 256.868 7
A 73 74 88.981 -1
A 73 80 92.229 -1
A 74 73 88.981 -1
A 74 75 61.528 -1
A 74 82 57.301 75
A 75 74 61.528 75
A 75 76 51.291 -1
A 76 75 51.291 75
A 76 83 47.926 82
A 76 77 29.947 -1
A 77 76 29.947 82
A 77 79 78.575 -1
A 78 91 142.458 -1
A 79 77 78.575 82
A 79 81 80.495 -1
A 80 73 92.229 -1
A 81 79 80.495 82
A 81 357 54.046 -1
A 82 74 57.301 -1
A 82 218 141.575 40
A 82 84 65.037 75
A 83 76 47.926 75
A 83 88 86.366 -1
A 83 84 54.626 90
A 83 356 247.231 82
A 84 82 65.037 40
A 84 83 54.626 75
A 84 377 161.559 90
A 85 357 211.933 41
A 85 87 41.350 -1
A 86 89 555.728 -1
A 87 356 224.205 90
A 87 85 41.350 41
A 87 216 180.102 -1
A 88 83 86.366 -1
A 89 86 555.728 -1
A 89 93 242.971 -1
A 89 90 116.493 -1
A 90 89 116.493 -1
A 90 92 209.165 -1
A 90 91 13.193 -1
A 91 53 215.746 -1
A 91 78 142.458 -1
A 91 90 13.193 -1
A 92 90 209.165 -1
A 93 89 242.971 -1
A 94 295 157.859 -1
A 94 388 199.129 -1
A 94 95 53.800 -1
A 95 94 53.800 -1
A 95 437 25.970 -1
A 95 96 70.959 -1
A 96 95 70.959 -1
A 96 245 38.627 -1
A 96 247 379.594 76
A 96 97 191.908 -1
A 97 96 191.908 76
A 97 98 9.307 -1
A 97 100 342.090 -1
A 98 97 9.307 -1
A 99 247 124.410 -1
A 99 249 117.384 76
A 99 250 159.661 8
A 100 97 342.090 76
A 100 249 85.662 9
A 100 250 138.989 -1
A 101 34 375.550 -1
A 102 263 90.052 -1
A 102 262 48.377 -1
A 102 107 307.451 -1
A 103 104 130.588 -1
A 103 226 85.942 -1
A 103 263 183.672 -1
A 104 103 130.588 -1
A 104 325 104.626 -1
A 104 105 64.351 10
A 105 104 64.351 -1
A 105 326 59.297 -1
A 105 325 35.350 10
A 106 325 47.060 -1
A 107 102 307.451 -1
A 108 333 154.417 -1
A 108 109 86.410 -1
A 109 7 535.045 96
A 109 108 86.410 -1
A 109 267 214.712 -1
A 110 21 212.628 27
A 110 40 110.480 59
A 110 241 183.452 91
A 110 119 290.641 42
A 111 243 19.124 77
A 111 455 66.116 43
A 111 456 7.188 72
A 112 21 79.742 2
A 112 43 71.981 81
A 112 40 19.084 27
A 113 114 5.226 -1
A 113 0 1212.213 -1
A 114 47 15.428 -1
A 114 113 5.226 -1
A 114 439 8.644 64
A 114 472 1470.308 -1
A 115 116 4.845 -1
A 115 439 9.323 -1
A 115 48 16.833 -1
A 115 473 1476.913 64
A 116 115 4.845 -1
A 116 300 72.244 -1
A 116 259 760.534 -1
A 117 4 62.863 22
A 117 72 248.155 7
A 117 119 94.718 69
A 117 118 123.923 44
A 118 117 123.923 7
A 118 72 256.868 97
A 118 120 98.082 44
A 119 110 290.641 59
A 119 117 94.718 44
A 119 6 122.006 69
A 119 120 161.642 42
A 120 119 161.642 44
A 120 118 98.082 97
A 120 241 192.408 42
A 121 128 99.360 85
A 121 449 118.054 97
A 121 488 202.726 89
A 122 123 92.913 -1
A 123 122 92.913 -1
A 123 359 20.147 97
A 123 480 173.347 85
A 124 125 87.172 -1
A 125 124 87.172 -1
A 125 128 34.591 97
A 125 359 35.562 85
A 126 449 99.759 89
A 126 133 12.977 97
A 126 340 237.444 -1
A 127 361 26.362 60
A 127 136 94.631 70
A 127 134 90.291 11
A 128 121 99.360 97
A 128 125 34.591 85
A 128 129 50.706 -1
A 129 128 50.706 -1
A 130 487 83.342 -1
A 131 58 10.996 84
A 131 487 3.388 74
A 131 57 14.537 63
A 132 10 28.039 95
A 132 11 92.634 70
A 132 133 337.300 89
A 133 126 12.977 89
A 133 132 337.300 70
A 133 136 126.092 97
A 134 127 90.291 60
A 134 135 180.850 97
A 134 136 161.576 11
A 135 11 82.003 24
A 135 134 180.850 60
A 135 339 54.462 97
A 135 214 100.370 95
A 136 127 94.631 11
A 136 133 126.092 70
A 136 134 161.576 97
A 137 282 122.899 -1
A 137 316 116.558 97
A 137 428 109.805 87
A 138 19 87.214 26
A 138 26 89.247 94
A 138 314 57.111 25
A 138 477 177.089 29
A 139 314 118.689 -1
A 140 17 31.624 -1
A 140 433 26.925 -1
A 140 141 41.339 -1
A 141 140 41.339 -1
A 142 150 66.971 -1
A 143 146 89.421 87
A 143 145 51.988 97
A 143 428 88.723 -1
A 144 150 48.531 -1
A 144 296 46.763 87
A 144 148 78.932 97
A 145 25 197.359 97
A 145 143 51.988 -1
A 145 152 150.111 -1
A 146 143 89.421 97
A 146 148 33.496 87
A 146 147 54.526 -1
A 147 146 54.526 -1
A 148 144 78.932 87
A 148 146 33.496 97
A 148 149 79.097 -1
A 149 148 79.097 -1
A 150 142 66.971 -1
A 150 144 48.531 -1
A 150 151 33.329 -1
A 151 150 33.329 -1
A 152 145 150.111 -1
A 153 154 188.911 -1
A 153 280 65.017 88
A 153 347 85.161 -1
A 154 153 188.911 -1
A 154 158 15.654 -1
A 154 294 179.647 -1
A 155 156 125.072 -1
A 156 155 125.072 -1
A 156 162 72.286 -1
A 156 292 63.081 -1
A 157 381 66.876 -1
A 158 154 15.654 -1
A 158 292 35.866 -1
A 158 159 120.124 -1
A 159 158 120.124 -1
A 160 163 52.400 -1
A 161 163 157.155 -1
A 162 156 72.286 -1
A 162 381 86.986 -1
A 162 163 50.357 -1
A 163 160 52.400 -1
A 163 161 157.155 -1
A 163 162 50.357 -1
A 163 166 47.220 -1
A 164 175 46.983 -1
A 164 178 159.602 -1
A 164 177 44.739 -1
A 165 166 50.591 -1
A 166 163 47.220 -1
A 166 165 50.591 -1
A 166 169 46.228 -1
A 166 167 160.194 -1
A 167 166 160.194 -1
A 168 169 48.935 -1
A 169 166 46.228 -1
A 169 168 48.935 -1
A 169 172 46.646 -1
A 169 170 163.106 -1
A 170 169 163.106 -1
A 171 172 37.106 -1
A 172 169 46.646 -1
A 172 171 37.106 -1
A 172 175 46.693 -1
A 172 173 164.731 -1
A 173 172 164.731 -1
A 174 175 48.372 -1
A 175 164 46.983 -1
A 175 172 46.693 -1
A 175 174 48.372 -1
A 175 176 162.514 -1
A 176 175 162.514 -1
A 177 164 44.739 -1
A 178 164 159.602 -1
A 179 25 48.586 -1
A 179 181 33.148 97
A 179 180 112.455 -1
A 180 179 112.455 -1
A 181 179 33.148 -1
A 181 183 47.358 -1
A 181 186 100.161 97
A 182 183 104.582 -1
A 183 181 47.358 -1
A 183 182 104.582 -1
A 183 184 43.602 -1
A 184 183 43.602 -1
A 185 25 197.067 -1
A 186 181 100.161 -1
A 186 187 262.181 -1
A 186 347 186.064 97
A 187 186 262.181 -1
A 188 189 187.180 97
A 188 280 15.050 -1
A 188 372 368.263 88
A 189 188 187.180 -1
A 189 190 202.106 -1
A 189 240 113.687 97
A 190 189 202.106 -1
A 191 240 12.151 -1
A 191 192 248.691 -1
A 191 297 212.641 97
A 192 191 248.691 -1
A 193 376 436.721 -1
A 194 195 221.717 91
A 194 241 52.265 97
A 195 194 221.717 97
A 195 376 64.352 91
A 196 197 88.526 -1
A 196 351 122.326 78
A 196 198 198.387 97
A 197 196 88.526 -1
A 198 196 198.387 78
A 198 372 282.799 97
A 198 199 677.758 -1
A 199 198 677.758 -1
A 200 10 166.178 89
A 200 12 36.082 95
A 200 201 100.056 -1
A 201 200 100.056 -1
A 201 335 45.244 -1
A 202 10 76.833 -1
A 202 204 109.058 -1
A 202 203 94.249 -1
A 203 202 94.249 -1
A 204 202 109.058 -1
A 204 206 44.164 -1
A 204 207 71.727 -1
A 205 207 16.754 -1
A 206 204 44.164 -1
A 207 204 71.727 -1
A 207 205 16.754 -1
A 207 208 67.736 -1
A 208 207 67.736 -1
A 209 11 51.729 95
A 209 214 74.400 24
A 209 211 114.935 45
A 210 211 35.297 95
A 210 213 43.959 -1
A 210 212 165.786 12
A 211 209 114.935 95
A 211 210 35.297 12
A 211 212 131.162 45
A 212 210 165.786 95
A 212 211 131.162 12
A 212 214 33.164 45
A 213 210 43.959 -1
A 214 135 100.370 24
A 214 209 74.400 45
A 214 212 33.164 95
A 215 339 43.229 95
A 215 363 64.956 97
A 215 218 518.546 -1
A 216 375 49.801 95
A 216 87 180.102 90
A 216 256 121.564 -1
A 217 451 183.349 95
A 217 341 246.831 90
A 217 334 436.874 -1
A 218 82 141.575 -1
A 218 215 518.546 95
A 218 219 174.365 -1
A 218 377 41.789 40
A 219 218 174.365 -1
A 220 3 106.968 -1
A 220 221 102.497 -1
A 220 222 46.258 96
A 221 220 102.497 -1
A 222 220 46.258 -1
A 222 254 80.414 -1
A 222 255 116.112 96
A 223 277 436.026 -1
A 223 268 147.836 96
A 223 255 103.332 -1
A 224 251 185.350 -1
A 225 5 90.572 23
A 225 7 93.491 -1
A 225 251 44.718 96
A 226 103 85.942 -1
A 226 228 24.616 -1
A 226 231 88.465 -1
A 227 230 15.826 -1
A 227 373 24.542 -1
A 228 226 24.616 -1
A 228 230 22.242 13
A 228 229 64.854 14
A 228 324 66.171 -1
A 229 228 64.854 -1
A 229 416 14.846 -1
A 229 230 79.682 14
A 230 227 15.826 -1
A 230 228 22.242 14
A 230 229 79.682 -1
A 230 324 85.565 13
A 231 7 5.163 -1
A 231 226 88.465 -1
A 232 35 154.882 -1
A 232 234 42.477 -1
A 233 234 27.794 -1
A 234 232 42.477 -1
A 234 233 27.794 -1
A 234 235 72.326 -1
A 235 234 72.326 -1
A 236 67 71.975 93
A 236 68 82.253 39
A 236 486 3.910 38
A 237 67 132.648 37
A 237 238 78.614 93
A 237 484 9.440 46
A 238 66 26.727 93
A 238 483 3.628 36
A 238 237 78.614 46
A 239 455 51.221 68
A 239 243 45.932 43
A 239 447 85.684 53
A 240 189 113.687 -1
A 240 191 12.151 97
A 240 242 185.375 -1
A 241 110 183.452 42
A 241 194 52.265 91
A 241 120 192.408 97
A 242 240 185.375 -1
A 243 111 19.124 43
A 243 239 45.932 53
A 243 446 78.823 77
A 244 245 26.425 -1
A 245 96 38.627 -1
A 245 244 26.425 -1
A 245 246 28.270 -1
A 246 245 28.270 -1
A 247 96 379.594 -1
A 247 99 124.410 76
A 247 248 91.037 -1
A 248 247 91.037 -1
A 249 99 117.384 8
A 249 100 85.662 76
A 249 250 46.725 9
A 250 99 159.661 -1
A 250 100 138.989 9
A 250 249 46.725 8
A 251 224 185.350 -1
A 251 225 44.718 23
A 251 252 88.719 96
A 252 5 46.524 96
A 252 251 88.719 23
A 252 253 30.128 -1
A 253 252 30.128 -1
A 254 222 80.414 -1
A 255 222 116.112 -1
A 255 223 103.332 96
A 255 427 156.544 -1
A 256 54 92.089 -1
A 256 216 121.564 95
A 256 441 8.952 34
A 257 54 9.691 34
A 257 442 17.740 33
A 257 441 89.389 95
A 258 36 615.861 -1
A 258 279 90.942 94
A 258 468 1076.291 73
A 259 45 470.724 -1
A 259 260 136.336 -1
A 259 116 760.534 -1
A 260 259 136.336 -1
A 261 263 60.331 -1
A 262 102 48.377 -1
A 263 102 90.052 -1
A 263 103 183.672 -1
A 263 261 60.331 -1
A 263 266 119.594 -1
A 264 265 29.237 -1
A 265 264 29.237 -1
A 265 266 24.805 -1
A 265 273 33.914 -1
A 266 263 119.594 -1
A 266 265 24.805 -1
A 266 319 31.439 -1
A 267 109 214.712 96
A 267 269 15.370 -1
A 267 271 509.378 -1
A 268 223 147.836 -1
A 268 419 4.660 96
A 268 270 291.208 -1
A 269 267 15.370 96
A 269 272 814.220 -1
A 269 276 236.692 -1
A 270 268 291.208 -1
A 271 267 509.378 -1
A 272 28 690.276 94
A 272 269 814.220 96
A 272 279 330.790 -1
A 273 265 33.914 -1
A 274 277 90.443 -1
A 275 277 76.018 -1
A 276 269 236.692 -1
A 277 223 436.026 -1
A 277 274 90.443 -1
A 277 275 76.018 -1
A 277 278 95.873 -1
A 278 277 95.873 -1
A 279 258 90.942 -1
A 279 272 330.790 94
A 280 153 65.017 -1
A 280 188 15.050 88
A 280 281 97.828 -1
A 281 280 97.828 -1
A 282 137 122.899 97
A 282 288 58.218 -1
A 282 283 362.210 -1
A 283 282 362.210 -1
A 284 400 23.457 97
A 284 393 76.259 -1
A 284 285 225.913 -1
A 285 284 225.913 -1
A 286 392 11.034 -1
A 286 318 37.213 86
A 286 390 23.994 47
A 287 317 75.244 -1
A 288 282 58.218 97
A 288 400 14.948 -1
A 288 290 126.468 -1
A 289 290 47.207 -1
A 290 288 126.468 -1
A 290 289 47.207 -1
A 290 291 46.308 -1
A 291 290 46.308 -1
A 292 156 63.081 -1
A 292 158 35.866 -1
A 292 293 67.598 -1
A 293 292 67.598 -1
A 294 154 179.647 -1
A 295 94 157.859 -1
A 296 144 46.763 97
A 296 321 84.340 87
A 296 320 177.026 -1
A 297 18 456.712 97
A 297 191 212.641 -1
A 297 298 44.605 -1
A 298 297 44.605 -1
A 299 322 54.757 -1
A 300 116 72.244 -1
A 300 330 23.099 15
A 300 331 24.250 -1
A 301 302 20.220 -1
A 301 331 42.153 -1
A 301 303 22.560 49
A 302 301 20.220 49
A 302 323 21.591 48
A 302 328 156.255 -1
A 303 301 22.560 -1
A 303 328 486.256 48
A 303 323 17.020 49
A 304 464 131.643 -1
A 305 53 203.519 -1
A 305 306 111.005 -1
A 306 305 111.005 -1
A 307 444 260.397 -1
A 308 52 18.453 32
A 308 444 5.900 -1
A 308 309 227.493 -1
A 309 308 227.493 -1
A 310 495 287.298 -1
A 310 407 46.730 97
A 310 311 137.924 -1
A 311 310 137.924 -1
A 312 51 195.423 -1
A 312 495 541.006 97
A 312 313 218.837 -1
A 313 312 218.837 -1
A 314 138 57.111 94
A 314 139 118.689 -1
A 314 315 85.799 25
A 315 19 54.154 25
A 315 314 85.799 94
A 315 435 8.867 -1
A 316 137 116.558 87
A 316 430 44.593 -1
A 316 321 112.278 97
A 317 287 75.244 -1
A 317 392 350.587 65
A 317 387 324.894 -1
A 318 1 270.364 86
A 318 2 24.222 -1
A 318 286 37.213 -1
A 319 266 31.439 -1
A 320 296 177.026 -1
A 321 296 84.340 97
A 321 316 112.278 87
A 321 332 177.192 -1
A 322 18 44.161 91
A 322 299 54.757 -1
A 322 376 407.548 97
A 323 302 21.591 49
A 323 303 17.020 48
A 323 329 69.081 -1
A 324 228 66.171 13
A 324 230 85.565 -1
A 324 417 12.143 -1
A 325 104 104.626 10
A 325 105 35.350 -1
A 325 106 47.060 -1
A 326 105 59.297 -1
A 327 328 65.944 -1
A 328 302 156.255 48
A 328 303 486.256 -1
A 328 327 65.944 -1
A 329 323 69.081 -1
A 330 300 23.099 -1
A 330 331 23.620 15
A 331 300 24.250 15
A 331 301 42.153 -1
A 331 330 23.620 -1
A 332 321 177.192 -1
A 333 108 154.417 -1
A 334 217 436.874 -1
A 335 201 45.244 -1
A 335 431 22.839 -1
A 336 13 228.389 -1
A 337 14 302.221 -1
A 338 15 245.679 -1
A 339 135 54.462 95
A 339 215 43.229 97
A 339 367 29.905 -1
A 340 126 237.444 -1
A 341 217 246.831 95
A 341 375 100.194 90
A 341 354 44.823 -1
A 342 343 9.434 66
A 342 353 62.290 67
A 342 345 59.076 88
A 342 383 58.291 -1
A 343 342 9.434 67
A 343 349 211.660 66
A 343 344 47.676 50
A 344 343 47.676 67
A 344 352 12.124 51
A 344 350 11.703 50
A 345 342 59.076 66
A 345 348 216.404 88
A 345 346 20.359 -1
A 346 345 20.359 -1
A 347 153 85.161 88
A 347 186 186.064 -1
A 347 348 21.765 97
A 348 345 216.404 66
A 348 347 21.765 88
A 348 349 130.545 97
A 349 343 211.660 50
A 349 348 130.545 66
A 349 350 241.294 97
A 350 344 11.703 51
A 350 349 241.294 50
A 350 351 29.588 97
A 351 196 122.326 97
A 351 350 29.588 51
A 351 352 29.360 78
A 352 344 12.124 67
A 352 351 29.360 51
A 352 353 5.207 78
A 353 342 62.290 88
A 353 352 5.207 67
A 353 372 191.420 78
A 354 341 44.823 -1
A 355 356 153.088 -1
A 356 83 247.231 90
A 356 87 224.205 41
A 356 355 153.088 -1
A 356 357 39.827 82
A 357 81 54.046 82
A 357 85 211.933 -1
A 357 356 39.827 41
A 358 359 96.884 -1
A 359 123 20.147 85
A 359 125 35.562 97
A 359 358 96.884 -1
A 360 361 71.097 -1
A 361 11 150.641 60
A 361 127 26.362 70
A 361 360 71.097 -1
A 362 363 135.924 -1
A 363 13 48.521 97
A 363 215 64.956 -1
A 363 362 135.924 -1
A 364 369 53.015 -1
A 365 367 45.564 -1
A 366 367 51.095 -1
A 367 339 29.905 -1
A 367 365 45.564 -1
A 367 366 51.095 -1
A 367 369 36.854 -1
A 368 369 201.077 -1
A 369 364 53.015 -1
A 369 367 36.854 -1
A 369 368 201.077 -1
A 370 371 150.211 -1
A 371 370 150.211 -1
A 371 481 191.845 97
A 371 482 244.876 83
A 372 188 368.263 97
A 372 198 282.799 78
A 372 353 191.420 88
A 373 227 24.542 -1
A 373 491 43.050 -1
A 373 380 48.759 -1
A 374 375 162.721 -1
A 375 216 49.801 90
A 375 341 100.194 95
A 375 374 162.721 -1
A 376 193 436.721 -1
A 376 195 64.352 97
A 376 322 407.548 91
A 377 84 161.559 40
A 377 218 41.789 95
A 377 451 29.641 90
A 378 380 17.079 -1
A 379 380 18.043 -1
A 380 373 48.759 -1
A 380 378 17.079 -1
A 380 379 18.043 -1
A 381 157 66.876 -1
A 381 162 86.986 -1
A 381 382 32.592 -1
A 382 381 32.592 -1
A 383 342 58.291 -1
A 384 385 15.250 -1
A 385 1 60.873 -1
A 385 384 15.250 -1
A 385 386 50.829 0
A 386 1 5.682 0
A 386 385 50.829 -1
A 386 388 9.722 86
A 387 317 324.894 65
A 387 388 31.756 -1
A 387 398 85.740 86
A 388 94 199.129 -1
A 388 386 9.722 -1
A 388 387 31.756 86
A 389 390 43.902 -1
A 390 286 23.994 86
A 390 389 43.902 -1
A 390 391 49.892 47
A 391 390 49.892 86
A 391 398 157.985 65
A 391 392 67.010 47
A 392 286 11.034 47
A 392 317 350.587 -1
A 392 391 67.010 65
A 393 284 76.259 97
A 393 396 7.713 -1
A 393 394 56.913 -1
A 394 393 56.913 -1
A 395 396 85.823 -1
A 396 2 26.438 -1
A 396 393 7.713 97
A 396 395 85.823 -1
A 397 398 67.609 -1
A 398 387 85.740 65
A 398 391 157.985 86
A 398 397 67.609 -1
A 399 400 95.466 -1
A 400 284 23.457 -1
A 400 288 14.948 97
A 400 399 95.466 -1
A 401 408 49.019 -1
A 402 408 52.728 97
A 402 406 124.573 52
A 402 404 139.705 -1
A 403 405 82.929 -1
A 404 402 139.705 -1
A 405 403 82.929 -1
A 405 408 36.518 52
A 405 406 96.479 97
A 406 402 124.573 97
A 406 405 96.479 52
A 406 407 16.178 97
A 407 2 179.848 97
A 407 310 46.730 -1
A 407 406 16.178 97
A 408 401 49.019 -1
A 408 402 52.728 52
A 408 405 36.518 97
A 409 21 75.412 91
A 409 413 35.750 16
A 409 414 110.990 -1
A 410 412 43.907 -1
A 411 412 71.973 -1
A 412 410 43.907 -1
A 412 411 71.973 -1
A 412 413 13.341 -1
A 413 409 35.750 91
A 413 412 13.341 -1
A 413 414 83.897 16
A 414 18 277.443 -1
A 414 409 110.990 16
A 414 413 83.897 91
A 415 41 55.861 81
A 415 42 15.927 31
A 415 457 42.822 30
A 416 229 14.846 -1
A 417 324 12.143 -1
A 418 60 149.844 96
A 418 419 121.908 -1
A 419 268 4.660 -1
A 419 418 121.908 96
A 420 421 214.437 -1
A 421 420 214.437 -1
A 421 422 16.208 -1
A 421 442 8.650 -1
A 422 421 16.208 -1
A 423 55 356.942 -1
A 423 54 10.063 33
A 423 442 5.473 61
A 424 425 122.804 -1
A 425 8 92.011 -1
A 425 9 70.492 97
A 425 424 122.804 -1
A 426 8 97.764 -1
A 427 255 156.544 -1
A 428 137 109.805 -1
A 428 143 88.723 87
A 428 429 60.210 -1
A 429 428 60.210 -1
A 430 316 44.593 -1
A 431 335 22.839 -1
A 432 433 37.969 -1
A 433 140 26.925 -1
A 433 432 37.969 -1
A 433 435 37.565 -1
A 434 435 73.330 -1
A 435 315 8.867 -1
A 435 433 37.565 -1
A 435 434 73.330 -1
A 436 438 66.808 -1
A 437 95 25.970 -1
A 437 438 60.044 -1
A 438 436 66.808 -1
A 438 437 60.044 -1
A 439 46 53.639 -1
A 439 114 8.644 -1
A 439 115 9.323 64
A 440 441 133.611 -1
A 441 257 89.389 34
A 441 440 133.611 -1
A 441 256 8.952 95
A 442 64 426.811 61
A 442 257 17.740 95
A 442 421 8.650 -1
A 442 423 5.473 33
A 443 469 16.819 77
A 443 446 108.920 -1
A 444 307 260.397 -1
A 444 308 5.900 32
A 444 445 16.650 -1
A 445 51 133.881 -1
A 445 52 5.551 -1
A 445 444 16.650 32
A 446 243 78.823 53
A 446 443 108.920 77
A 446 34 32.747 -1
A 446 447 10.194 3
A 447 31 165.983 -1
A 447 34 32.252 3
A 447 446 10.194 53
A 447 239 85.684 68
A 448 467 76.109 54
A 448 463 80.842 17
A 448 470 11.005 79
A 449 121 118.054 89
A 449 126 99.759 97
A 449 493 65.046 -1
A 450 451 74.405 -1
A 451 217 183.349 90
A 451 377 29.641 95
A 451 450 74.405 -1
A 452 456 43.442 18
A 452 453 11.718 19
A 452 476 25.362 72
A 453 452 11.718 18
A 453 454 10.289 71
A 453 456 50.764 55
A 453 476 31.289 19
A 454 453 10.289 55
A 454 469 54.233 80
A 454 465 48.211 71
A 455 111 66.116 72
A 455 239 51.221 43
A 455 32 2.969 68
A 456 452 43.442 72
A 456 453 50.764 18
A 456 111 7.188 77
A 456 469 14.608 55
A 457 471 9.608 92
A 457 470 23.855 30
A 457 415 42.822 31
A 457 458 20.451 79
A 458 457 20.451 92
A 458 459 83.759 20
A 458 466 74.049 79
A 459 458 83.759 92
A 459 464 156.867 92
A 459 466 13.068 20
A 459 460 37.206 21
A 460 466 40.428 21
A 460 459 37.206 92
A 460 461 35.135 56
A 461 460 35.135 92
A 461 462 57.046 57
A 461 463 46.304 56
A 462 461 57.046 92
A 462 38 97.324 73
A 462 467 101.162 57
A 463 448 80.842 79
A 463 461 46.304 57
A 463 466 8.404 56
A 463 467 13.996 17
A 464 304 131.643 -1
A 464 459 156.867 92
A 464 465 110.850 -1
A 465 31 12.948 71
A 465 454 48.211 80
A 465 464 110.850 -1
A 466 459 13.068 21
A 466 460 40.428 56
A 466 463 8.404 79
A 466 458 74.049 20
A 467 448 76.109 17
A 467 463 13.996 57
A 467 462 101.162 73
A 467 468 15.113 54
A 468 258 1076.291 94
A 468 467 15.113 73
A 468 470 87.319 54
A 469 30 34.073 80
A 469 443 16.819 -1
A 469 454 54.233 55
A 469 456 14.608 77
A 470 41 34.448 30
A 470 457 23.855 79
A 470 468 87.319 94
A 470 448 11.005 54
A 471 44 99.253 92
A 471 457 9.608 31
A 471 42 55.989 -1
A 472 114 1470.308 64
A 472 475 272.579 -1
A 472 473 31.854 58
A 473 115 1476.913 -1
A 473 472 31.854 64
A 473 474 268.483 58
A 474 473 268.483 -1
A 474 475 30.207 58
A 475 472 272.579 58
A 475 474 30.207 -1
A 476 32 5.062 72
A 476 453 31.289 71
A 476 452 25.362 19
A 477 27 190.701 29
A 477 138 177.089 26
A 477 478 88.115 96
A 478 16 51.872 -1
A 478 19 175.298 96
A 478 477 88.115 26
A 479 9 93.818 -1
A 480 63 5.361 74
A 480 123 173.347 97
A 480 487 154.092 85
A 480 481 111.743 35
A 481 371 191.845 83
A 481 480 111.743 97
A 481 68 32.984 35
A 481 486 63.323 39
A 482 66 18.856 36
A 482 72 273.035 6
A 482 371 244.876 97
A 482 483 22.825 83
A 483 238 3.628 46
A 483 482 22.825 36
A 483 484 73.952 83
A 484 483 73.952 46
A 484 237 9.440 37
A 484 485 146.998 83
A 485 67 9.367 38
A 485 484 146.998 37
A 485 486 102.589 83
A 486 481 63.323 83
A 486 485 102.589 38
A 486 236 3.910 39
A 487 130 83.342 -1
A 487 131 3.388 63
A 487 480 154.092 74
A 487 488 47.217 85
A 488 65 2.395 5
A 488 121 202.726 85
A 488 487 47.217 63
A 488 489 2.468 89
A 489 64 6.355 1
A 489 65 2.004 62
A 489 488 2.468 5
A 489 12 15.674 89
A 490 491 66.211 -1
A 491 373 43.050 -1
A 491 490 66.211 -1
A 492 493 120.760 -1
A 493 449 65.046 -1
A 493 492 120.760 -1
A 493 494 141.703 -1
A 494 493 141.703 -1
A 495 310 287.298 97
A 495 312 541.006 -1
